pop	chromosome	window_pos_1	window_pos_2	avg_pi	no_sites	count_diffs	count_comparisons	count_missing
common	chrXIX	1	50000	0.0940885438880832	512	7721	82061	15219
white	chrXIX	1	50000	0.0884828445055181	512	8242	93148	4132
common	chrXIX	50001	100000	0.1185706741770815	863	16840	142025	21945
white	chrXIX	50001	100000	0.1228225408811828	863	18184	148051	15919
common	chrXIX	100001	150000	0.1193997308880693	957	19167	160528	21302
white	chrXIX	100001	150000	0.1164168553730395	957	19433	166926	14904
common	chrXIX	150001	200000	0.1053729380827157	1006	17631	167320	23820
white	chrXIX	150001	200000	0.1177884197786798	1006	20341	172691	18449
common	chrXIX	200001	250000	0.0709469095605844	1131	13183	185815	29075
white	chrXIX	200001	250000	0.0664602047105659	1131	13155	197938	16952
common	chrXIX	250001	300000	0.1480902428509843	1058	25764	173975	27045
white	chrXIX	250001	300000	0.1460262574963531	1058	27028	185090	15930
white	chrXIX	300001	350000	0.1275707290533188	859	18758	147040	16170
common	chrXIX	300001	350000	0.1242296534703479	859	17215	138574	24636
common	chrXIX	350001	400000	0.111897096612222	821	15154	135428	20562
white	chrXIX	350001	400000	0.1098817543560444	821	15463	140724	15266
common	chrXIX	400001	450000	0.1179733727810651	78	1595	13520	1300
white	chrXIX	400001	450000	0.1205328433624253	78	1312	10885	3935
common	chrXIX	450001	500000	0.0802094045059362	343	4290	53485	11685
white	chrXIX	450001	500000	0.0716127422440322	343	4305	60115	5055
common	chrXIX	500001	550000	0.0666837309810832	1214	13547	203153	27507
white	chrXIX	500001	550000	0.0698265449098903	1214	14452	206970	23690
common	chrXIX	550001	600000	0.0572270777203045	1247	12192	213046	23884
white	chrXIX	550001	600000	0.0579901940511802	1247	12620	217623	19307
white	chrXIX	600001	650000	0.0493959238366941	1043	9142	185076	13094
common	chrXIX	600001	650000	0.0503677263952315	1043	8636	171459	26711
common	chrXIX	650001	700000	0.1076989328345153	446	8003	74309	10431
white	chrXIX	650001	700000	0.1011976836009476	446	7689	75980	8760
common	chrXIX	700001	750000	0.0688167730923075	1158	13385	194502	25518
white	chrXIX	700001	750000	0.0669573594280788	1158	13206	197230	22790
common	chrXIX	750001	800000	0.063787258056873	1428	14807	232131	39189
white	chrXIX	750001	800000	0.0653447844441395	1428	16191	247778	23542
common	chrXIX	800001	850000	0.0662861762844209	1101	12462	188003	21187
white	chrXIX	800001	850000	0.0629211256440745	1101	12065	191748	17442
common	chrXIX	850001	900000	0.0691341738123981	1434	16665	241053	31407
white	chrXIX	850001	900000	0.0744882615930551	1434	18577	249395	23065
white	chrXIX	900001	950000	0.0757849316316473	1406	18301	241486	25654
common	chrXIX	900001	950000	0.0767291688248903	1406	17776	231672	35468
common	chrXIX	950001	1000000	0.1020965096373546	850	14254	139613	21887
white	chrXIX	950001	1000000	0.0987036109720135	850	14192	143784	17716
common	chrXIX	1000001	1050000	0.0840761779393037	1276	17628	209667	32773
white	chrXIX	1000001	1050000	0.0918320486961532	1276	20397	222112	20328
common	chrXIX	1050001	1100000	0.0758956644967007	1374	17138	225810	35250
white	chrXIX	1050001	1100000	0.0716463225470203	1374	17321	241757	19303
common	chrXIX	1100001	1150000	0.0521895733882908	1616	13852	265417	41623
white	chrXIX	1100001	1150000	0.0565534666824137	1616	15802	279417	27623
common	chrXIX	1150001	1200000	0.0492208811752014	1102	8715	177059	32321
white	chrXIX	1150001	1200000	0.0459369603876188	1102	8912	194005	15375
common	chrXIX	1200001	1250000	0.066242930675243	1679	18249	275486	43524
white	chrXIX	1200001	1250000	0.0625574819146453	1679	18229	291396	27614
white	chrXIX	1250001	1300000	0.0650748498061483	1568	17775	273147	24773
common	chrXIX	1250001	1300000	0.0654635734445082	1568	16770	256173	41747
common	chrXIX	1300001	1350000	0.0626435915784716	1305	13306	212408	35542
white	chrXIX	1300001	1350000	0.0667744734558649	1305	15237	228186	19764
common	chrXIX	1350001	1400000	0.0784928767137977	1134	14639	186501	28959
white	chrXIX	1350001	1400000	0.0749225593369848	1134	14609	194988	20472
common	chrXIX	1400001	1450000	0.0798828867876128	1356	18062	226106	31534
white	chrXIX	1400001	1450000	0.0855906040839237	1356	20128	235166	22474
common	chrXIX	1450001	1500000	0.0702069842950804	1659	19093	271953	43257
white	chrXIX	1450001	1500000	0.0659494191817015	1659	19070	289161	26049
common	chrXIX	1500001	1550000	0.0648923951723748	654	6893	106222	18038
white	chrXIX	1500001	1550000	0.0674631557568854	654	7640	113247	11013
white	chrXIX	1550001	1600000	0.0686747893396962	1233	14621	212902	21368
common	chrXIX	1550001	1600000	0.070610576365534	1233	14613	206952	27318
common	chrXIX	1600001	1650000	0.0611882590511919	1260	12787	208978	30422
white	chrXIX	1600001	1650000	0.057312523374716	1260	12566	219254	20146
common	chrXIX	1650001	1700000	0.0762195292603061	1089	13617	178655	28255
white	chrXIX	1650001	1700000	0.0762469141080035	1089	14269	187142	19768
common	chrXIX	1700001	1750000	0.0595942874779046	1310	12744	213846	35054
white	chrXIX	1700001	1750000	0.0499564968367297	1310	11426	228719	20181
common	chrXIX	1750001	1800000	0.0665278483529593	1119	12045	181052	31558
white	chrXIX	1750001	1800000	0.0660888850279266	1119	12933	195691	16919
common	chrXIX	1800001	1850000	0.0510640835669163	1327	11131	217981	34149
white	chrXIX	1800001	1850000	0.0499746648459708	1327	11638	232878	19252
common	chrXIX	1850001	1900000	0.0953654671777022	918	14083	147674	26746
white	chrXIX	1850001	1900000	0.1029607774628932	918	15913	154554	19866
white	chrXIX	1900001	1950000	0.0528002907504997	1592	14528	275150	27330
common	chrXIX	1900001	1950000	0.0538820453247146	1592	14054	260829	41651
common	chrXIX	1950001	2000000	0.0631725585996648	611	6258	99062	17028
white	chrXIX	1950001	2000000	0.0625414731254147	611	6786	108504	7586
common	chrXIX	2000001	2050000	0.0502616052543693	669	5418	107796	19314
white	chrXIX	2000001	2050000	0.0482170188656908	669	5702	118257	8853
common	chrXIX	2050001	2100000	0.0734456954351274	1247	15095	205526	31404
white	chrXIX	2050001	2100000	0.0648850795639525	1247	13672	210711	26219
common	chrXIX	2100001	2150000	0.0506764266886849	1526	12766	251912	38028
white	chrXIX	2100001	2150000	0.0530353213488963	1526	13931	262674	27266
common	chrXIX	2150001	2200000	0.0545769563961882	1730	15687	287429	41271
white	chrXIX	2150001	2200000	0.0587909760463495	1730	17210	292732	35968
white	chrXIX	2200001	2250000	0.0619948088082801	1756	19251	310526	23114
common	chrXIX	2200001	2250000	0.0650505682410593	1756	18717	287730	45910
common	chrXIX	2250001	2300000	0.0503609632713284	1160	9557	189770	30630
white	chrXIX	2250001	2300000	0.0484727820608147	1160	9909	204424	15976
common	chrXIX	2300001	2350000	0.0520579679623023	1376	11865	227919	33521
white	chrXIX	2300001	2350000	0.0521451486171464	1376	12012	230357	31083
common	chrXIX	2350001	2400000	0.0428339693908736	759	5466	127609	16601
white	chrXIX	2350001	2400000	0.0435863225708077	759	5717	131165	13045
common	chrXIX	2400001	2450000	0.063027744270205	22	209	3316	864
white	chrXIX	2400001	2450000	0.0641996075133165	22	229	3567	613
common	chrXIX	2450001	2500000	0.0498875485585769	226	1708	34237	8703
white	chrXIX	2450001	2500000	0.0501009496747177	226	2010	40119	2821
white	chrXIX	2500001	2550000	0.029099560761347	101	477	16392	2798
common	chrXIX	2500001	2550000	0.0311859090360719	101	517	16578	2612
white	chrXIX	2550001	2600000	0.1092367911518477	419	7842	71789	7821
common	chrXIX	2550001	2600000	0.1120648407255433	419	7729	68969	10641
common	chrXIX	2600001	2650000	0.0138587047377043	1106	2487	179454	30686
white	chrXIX	2600001	2650000	0.0148279675404576	1106	2856	192609	17531
common	chrXIX	2650001	2700000	0.034010372254917	430	2433	71537	10163
white	chrXIX	2650001	2700000	0.0341663987999571	430	2551	74664	7036
common	chrXIX	2700001	2750000	0.0203455406577279	897	3050	149910	20520
white	chrXIX	2700001	2750000	0.0247007288001492	897	3840	155461	14969
common	chrXIX	2750001	2800000	0.0424283957833632	1489	10525	248065	34845
white	chrXIX	2750001	2800000	0.0395765130366488	1489	10179	257198	25712
common	chrXIX	2800001	2850000	0.0466946733963412	1427	10815	231611	39519
white	chrXIX	2800001	2850000	0.0469490419266051	1427	11582	246693	24437
white	chrXIX	2850001	2900000	0.0404576512429606	1579	11114	274707	25303
common	chrXIX	2850001	2900000	0.0373779250824739	1579	9710	259779	40231
common	chrXIX	2900001	2950000	0.0293317099209027	1372	6649	226683	33997
white	chrXIX	2900001	2950000	0.0289489014470198	1372	6808	235173	25507
common	chrXIX	2950001	3000000	0.0323331298229459	1238	6461	199826	35394
white	chrXIX	2950001	3000000	0.0314500547058686	1238	6755	214785	20435
common	chrXIX	3000001	3050000	0.022613684753132	1626	6054	267714	41226
white	chrXIX	3000001	3050000	0.0253090345756304	1626	7123	281441	27499
common	chrXIX	3050001	3100000	0.0186585958939799	1420	4297	230296	39504
white	chrXIX	3050001	3100000	0.0168011441169359	1420	4100	244031	25769
common	chrXIX	3100001	3150000	0.015985278107278	1496	3935	246164	38076
white	chrXIX	3100001	3150000	0.014714796394156	1496	3787	257360	26880
common	chrXIX	3150001	3200000	0.0176942137910663	1493	4313	243752	39918
white	chrXIX	3150001	3200000	0.019623138526187	1493	5006	255107	28563
white	chrXIX	3200001	3250000	0.030817753003425	1454	7729	250797	25463
common	chrXIX	3200001	3250000	0.0307636821901453	1454	7421	241226	35034
common	chrXIX	3250001	3300000	0.0140198585351956	1690	3986	284311	36789
white	chrXIX	3250001	3300000	0.0191732611835547	1690	5655	294942	26158
common	chrXIX	3300001	3350000	0.0235886781299441	1388	5427	230068	33652
white	chrXIX	3300001	3350000	0.021392427006546	1388	5183	242282	21438
common	chrXIX	3350001	3400000	0.0233087204656504	1405	5338	229013	37937
white	chrXIX	3350001	3400000	0.0239451267828843	1405	5802	242304	24646
common	chrXIX	3400001	3450000	0.0172389968499984	2142	6113	354603	52377
white	chrXIX	3400001	3450000	0.0180820875325239	2142	6748	373187	33793
common	chrXIX	3450001	3500000	0.0153309217821242	1665	4217	275065	41285
white	chrXIX	3450001	3500000	0.0128061992856074	1665	3682	287517	28833
white	chrXIX	3500001	3550000	0.0149021517098313	1634	4224	283449	27011
common	chrXIX	3500001	3550000	0.0171363403344799	1634	4613	269194	41266
common	chrXIX	3550001	3600000	0.0140642531657163	1330	3071	218355	34345
white	chrXIX	3550001	3600000	0.0116470406746541	1330	2718	233364	19336
common	chrXIX	3600001	3650000	0.0085069386668441	1478	2045	240392	40428
white	chrXIX	3600001	3650000	0.0061355911061215	1478	1574	256536	24284
common	chrXIX	3650001	3700000	0.0110069486561888	1724	3176	288545	39015
white	chrXIX	3650001	3700000	0.0111973310101235	1724	3316	296142	31418
common	chrXIX	3700001	3750000	0.0111268379330946	1536	2775	249397	42443
white	chrXIX	3700001	3750000	0.0133494122519894	1536	3642	272821	19019
common	chrXIX	3750001	3800000	0.0122760513601413	1309	2612	212772	35938
white	chrXIX	3750001	3800000	0.0135688216892596	1309	3123	230160	18550
white	chrXIX	3800001	3850000	0.0216783793441511	1245	4732	218282	18268
common	chrXIX	3800001	3850000	0.021847879543569	1245	4398	201301	35249
white	chrXIX	3850001	3900000	0.0098365610898806	1328	2278	231585	20735
common	chrXIX	3850001	3900000	0.0106664303603826	1328	2287	214411	37909
common	chrXIX	3900001	3950000	0.0323807962348584	1257	6715	207376	31454
white	chrXIX	3900001	3950000	0.0283504566990893	1257	6217	219291	19539
common	chrXIX	3950001	4000000	0.0415689227412706	606	4306	103587	11553
white	chrXIX	3950001	4000000	0.04154030404296	606	4301	103538	11602
common	chrXIX	4000001	4050000	NA	0	NA	NA	NA
white	chrXIX	4000001	4050000	NA	0	NA	NA	NA
common	chrXIX	4050001	4100000	NA	0	NA	NA	NA
white	chrXIX	4050001	4100000	NA	0	NA	NA	NA
common	chrXIX	4100001	4150000	0.0277096615988229	23	113	4078	292
white	chrXIX	4100001	4150000	0.0599747474747474	23	190	3168	1202
common	chrXIX	4150001	4200000	0.0380037380725973	184	1159	30497	4463
white	chrXIX	4150001	4200000	0.0342837534314948	184	1099	32056	2904
white	chrXIX	4200001	4250000	0.0177773666215679	1510	4612	259431	27469
common	chrXIX	4200001	4250000	0.0170841072844077	1510	4332	253569	33331
common	chrXIX	4250001	4300000	0.0081541547479602	1209	1622	198917	30793
white	chrXIX	4250001	4300000	0.0094003771696878	1209	1954	207864	21846
common	chrXIX	4300001	4350000	0.01482350856991	1365	3347	225790	33560
white	chrXIX	4300001	4350000	0.01224361441097	1365	2959	241677	17673
common	chrXIX	4350001	4400000	0.0114303441034696	1264	2395	209530	30630
white	chrXIX	4350001	4400000	0.0100084715554794	1264	2162	216017	24143
common	chrXIX	4400001	4450000	0.0053746527132899	1581	1418	263831	36559
white	chrXIX	4400001	4450000	0.0044319068133277	1581	1216	274374	26016
common	chrXIX	4450001	4500000	0.0310563239966862	1150	5923	190718	27782
white	chrXIX	4450001	4500000	0.0303507171710084	1150	6056	199534	18966
white	chrXIX	4500001	4550000	0.0051236168425665	1598	1403	273830	29790
common	chrXIX	4500001	4550000	0.0070498090121897	1598	1853	262844	40776
common	chrXIX	4550001	4600000	0.0071462840870399	1578	1847	258456	41364
white	chrXIX	4550001	4600000	0.0051689641880357	1578	1408	272395	27425
common	chrXIX	4600001	4650000	0.0074207875555177	1447	1746	235285	39645
white	chrXIX	4600001	4650000	0.0073588277629972	1447	1820	247322	27608
common	chrXIX	4650001	4700000	0.021273770439258	1320	4646	218391	32409
white	chrXIX	4650001	4700000	0.0170217405525632	1320	3903	229295	21505
common	chrXIX	4700001	4750000	0.054419386468693	681	6216	114224	15166
white	chrXIX	4700001	4750000	0.0476504476990351	681	5492	115256	14134
common	chrXIX	4750001	4800000	0.0114912372756847	1517	2847	247754	40476
white	chrXIX	4750001	4800000	0.0089699957411364	1517	2380	265329	22901
white	chrXIX	4800001	4850000	0.0104762816484015	1371	2517	240257	20233
common	chrXIX	4800001	4850000	0.0112563946704054	1371	2537	225383	35107
common	chrXIX	4850001	4900000	0.0145199756132549	1364	3239	223072	36088
white	chrXIX	4850001	4900000	0.0132526853686515	1364	3177	239725	19435
common	chrXIX	4900001	4950000	0.0135233332922788	1475	3294	243579	36671
white	chrXIX	4900001	4950000	0.0135404728553843	1475	3509	259149	21101
common	chrXIX	4950001	5000000	0.0124581253615681	1368	2778	222987	36933
white	chrXIX	4950001	5000000	0.0096874974103139	1368	2338	241342	18578
common	chrXIX	5000001	5050000	0.0116299281030259	1565	2944	253140	44210
white	chrXIX	5000001	5050000	0.0105207766416412	1565	2919	277451	19899
white	chrXIX	5050001	5100000	0.0096593765311511	1816	3036	314306	30734
common	chrXIX	5050001	5100000	0.0085847196715998	1816	2543	296224	48816
white	chrXIX	5100001	5150000	0.010008816055593	1551	2702	269962	24728
common	chrXIX	5100001	5150000	0.0099112949037273	1551	2495	251733	42957
common	chrXIX	5150001	5200000	0.0106900266061374	1787	3146	294293	45237
white	chrXIX	5150001	5200000	0.0093103527323576	1787	2843	305359	34171
common	chrXIX	5200001	5250000	0.0135726811607866	1612	3599	265165	41115
white	chrXIX	5200001	5250000	0.0091479228556608	1612	2522	275691	30589
common	chrXIX	5250001	5300000	0.012451424820089	1931	4002	321409	45481
white	chrXIX	5250001	5300000	0.0113866768094543	1931	3802	333899	32991
common	chrXIX	5300001	5350000	0.0213229269168746	1637	5699	267271	43759
white	chrXIX	5300001	5350000	0.0193511507937899	1637	5518	285151	25879
common	chrXIX	5350001	5400000	0.0143195639575401	1669	3904	272634	44476
white	chrXIX	5350001	5400000	0.0136700432250227	1669	3950	288953	28157
white	chrXIX	5400001	5450000	0.0199243651374229	1746	6101	306208	25532
common	chrXIX	5400001	5450000	0.0197505668144505	1746	5671	287131	44609
common	chrXIX	5450001	5500000	0.0149137916035979	1749	4286	287385	44925
white	chrXIX	5450001	5500000	0.0161918931907805	1749	4919	303794	28516
common	chrXIX	5500001	5550000	0.0166713706325609	1584	4312	258647	42313
white	chrXIX	5500001	5550000	0.0155914606544689	1584	4271	273932	27028
common	chrXIX	5550001	5600000	0.017458123010642	1498	4344	248824	35796
white	chrXIX	5550001	5600000	0.0152043607301507	1498	3919	257755	26865
common	chrXIX	5600001	5650000	0.0161345212733373	1788	4741	293842	45878
white	chrXIX	5600001	5650000	0.0157609786720116	1788	4946	313813	25907
common	chrXIX	5650001	5700000	0.0135844396418647	1588	3520	259120	42600
white	chrXIX	5650001	5700000	0.0117607879619339	1588	3249	276257	25463
white	chrXIX	5700001	5750000	0.0187385532178556	1280	4113	219494	23706
common	chrXIX	5700001	5750000	0.018664149162143	1280	3954	211850	31350
common	chrXIX	5750001	5800000	0.008848265274308	1510	2242	253383	33517
white	chrXIX	5750001	5800000	0.0077712118233437	1510	2016	259419	27481
common	chrXIX	5800001	5850000	0.0050833995234312	1973	1632	321045	53825
white	chrXIX	5800001	5850000	0.0054780661794081	1973	1906	347933	26937
common	chrXIX	5850001	5900000	0.014771713058515	1738	4237	286832	43388
white	chrXIX	5850001	5900000	0.013912608548291	1738	4228	303897	26323
common	chrXIX	5900001	5950000	0.0145296237531951	2007	4826	332149	49181
white	chrXIX	5900001	5950000	0.013651082136551	2007	4747	347738	33592
common	chrXIX	5950001	6000000	0.047352490700897	1667	12985	274220	42510
white	chrXIX	5950001	6000000	0.0414486536701321	1667	12136	292796	23934
white	chrXIX	6000001	6050000	0.0257061545311985	1500	6639	258265	26735
common	chrXIX	6000001	6050000	0.0296851537507344	1500	7275	245072	39928
common	chrXIX	6050001	6100000	0.0236217345111654	1825	7137	302137	44613
white	chrXIX	6050001	6100000	0.0239308614793796	1825	7565	316119	30631
common	chrXIX	6100001	6150000	0.0332978624487308	1186	6446	193586	31754
white	chrXIX	6100001	6150000	0.0348583463679714	1186	7332	210337	15003
common	chrXIX	6150001	6200000	0.0537835420393559	674	6013	111800	16260
white	chrXIX	6150001	6200000	0.0542794440380395	674	6307	116195	11865
common	chrXIX	6200001	6250000	0.0315900614771546	1442	7420	234884	39096
white	chrXIX	6200001	6250000	0.0310993729932997	1442	7807	251034	22946
common	chrXIX	6250001	6300000	0.0428276996108602	821	5756	134399	21591
white	chrXIX	6250001	6300000	0.0421846313399576	821	6020	142706	13284
common	chrXIX	6300001	6350000	0.0299378852080123	1020	4974	166144	27656
white	chrXIX	6300001	6350000	0.0315215430191073	1020	5416	171819	21981
white	chrXIX	6350001	6400000	0.0280437962053973	1139	5599	199652	16758
common	chrXIX	6350001	6400000	0.0320139129680998	1139	5909	184576	31834
common	chrXIX	6400001	6450000	0.0434928974293881	1106	7881	181202	28938
white	chrXIX	6400001	6450000	0.0428504596752574	1106	8152	190243	19897
common	chrXIX	6450001	6500000	0.0282020867958098	1732	8179	290014	39066
white	chrXIX	6450001	6500000	0.0284587394757111	1732	8572	301208	27872
common	chrXIX	6500001	6550000	0.0216033894416884	1683	6027	278984	40786
white	chrXIX	6500001	6550000	0.0197890590297266	1683	5747	290413	29357
common	chrXIX	6550001	6600000	0.0226203310539159	1550	5812	256937	37563
white	chrXIX	6550001	6600000	0.0240024511884941	1550	6502	270889	23611
common	chrXIX	6600001	6650000	0.0186362800955706	1181	3549	190435	33955
white	chrXIX	6600001	6650000	0.0167286789910057	1181	3426	204798	19592
white	chrXIX	6650001	6700000	0.0150496956357258	1659	4376	290770	24440
common	chrXIX	6650001	6700000	0.015292494643224	1659	4168	272552	42658
common	chrXIX	6700001	6750000	0.0189984114503939	1143	3552	186963	30207
white	chrXIX	6700001	6750000	0.0172962970453212	1143	3421	197788	19382
common	chrXIX	6750001	6800000	0.0240276228126965	1322	5233	217791	33389
white	chrXIX	6750001	6800000	0.0252538311699505	1322	5860	232044	19136
common	chrXIX	6800001	6850000	0.0292123222098186	1684	8086	276801	43159
white	chrXIX	6800001	6850000	0.0292796376352858	1684	8649	295393	24567
common	chrXIX	6850001	6900000	0.0415428082349368	1326	9028	217318	34622
white	chrXIX	6850001	6900000	0.0479316334814375	1326	10982	229118	22822
common	chrXIX	6900001	6950000	0.0207718147586537	1677	5726	275662	42968
white	chrXIX	6900001	6950000	0.0192244722975185	1677	5695	296237	22393
common	chrXIX	6950001	7000000	0.0312090420959172	1719	8858	283828	42782
white	chrXIX	6950001	7000000	0.0291060988038405	1719	8682	298288	28322
white	chrXIX	7000001	7050000	0.0370985603543743	1494	9648	260064	23796
common	chrXIX	7000001	7050000	0.0366869665154743	1494	8970	244501	39359
common	chrXIX	7050001	7100000	0.0296736903655155	1425	7054	237719	33031
white	chrXIX	7050001	7100000	0.0308077890162827	1425	7572	245782	24968
common	chrXIX	7100001	7150000	0.0188945885678103	1345	4118	217946	37604
white	chrXIX	7100001	7150000	0.0206331563837046	1345	4808	233023	22527
common	chrXIX	7150001	7200000	0.0209865478364297	1450	5011	238772	36728
white	chrXIX	7150001	7200000	0.0217365979070841	1450	5411	248935	26565
common	chrXIX	7200001	7250000	0.0097799598623853	1696	2729	279040	43200
white	chrXIX	7200001	7250000	0.0137354383761869	1696	4069	296241	25999
common	chrXIX	7250001	7300000	0.0245747483515312	1619	6455	262668	44942
white	chrXIX	7250001	7300000	0.0285543292672193	1619	8111	284055	23555
white	chrXIX	7300001	7350000	0.01826748373331	1579	5017	274641	25369
common	chrXIX	7300001	7350000	0.0177710739593661	1579	4642	261211	38799
common	chrXIX	7350001	7400000	0.0122045198567538	1736	3500	286779	43061
white	chrXIX	7350001	7400000	0.0150083471900006	1736	4522	301299	28541
common	chrXIX	7400001	7450000	0.0203745580066707	1872	6298	309111	46569
white	chrXIX	7400001	7450000	0.0222686764889082	1872	7329	329117	26563
common	chrXIX	7450001	7500000	0.0314339185276984	1229	6265	199307	34203
white	chrXIX	7450001	7500000	0.0327487988699619	1229	7048	215214	18296
common	chrXIX	7500001	7550000	0.020206241943674	1568	5173	256010	41910
white	chrXIX	7500001	7550000	0.0208529066353493	1568	5682	272480	25440
common	chrXIX	7550001	7600000	0.0433819061349474	1001	7282	167858	22332
white	chrXIX	7550001	7600000	0.047331558231072	1001	8177	172760	17430
common	chrXIX	7600001	7650000	0.0226703576359747	1790	6699	295496	44604
white	chrXIX	7600001	7650000	0.0230402965519445	1790	7210	312930	27170
white	chrXIX	7650001	7700000	0.0142732348361122	1516	3758	263290	24750
common	chrXIX	7650001	7700000	0.0172705509301802	1516	4379	253553	34487
common	chrXIX	7700001	7750000	0.0230122675378149	1442	5410	235092	38888
white	chrXIX	7700001	7750000	0.0223909871177292	1442	5708	254924	19056
common	chrXIX	7750001	7800000	0.0276697701025543	1479	6675	241238	39772
white	chrXIX	7750001	7800000	0.0294825790021993	1479	7641	259170	21840
common	chrXIX	7800001	7850000	0.0303439314233018	1481	7239	238565	42825
white	chrXIX	7800001	7850000	0.0279278482521542	1481	7263	260063	21327
common	chrXIX	7850001	7900000	0.0363307520764192	1397	8276	227796	37634
white	chrXIX	7850001	7900000	0.0353751255200114	1397	8631	243985	21445
common	chrXIX	7900001	7950000	0.0246969301058666	1536	6238	252582	39258
white	chrXIX	7900001	7950000	0.0239927789450817	1536	6406	266997	24843
white	chrXIX	7950001	8000000	0.0206167411963747	1846	6556	317994	32746
common	chrXIX	7950001	8000000	0.0220372407239877	1846	6772	307298	43442
common	chrXIX	8000001	8050000	0.0250115828412157	1667	6802	271954	44776
white	chrXIX	8000001	8050000	0.0227660009542635	1667	6680	293420	23310
common	chrXIX	8050001	8100000	0.0196963704146294	1450	4681	237658	37842
white	chrXIX	8050001	8100000	0.0204362801377726	1450	5073	248235	27265
common	chrXIX	8100001	8150000	0.0074858919728204	2063	2535	338637	53333
white	chrXIX	8100001	8150000	0.0089645849031514	2063	3236	360976	30994
common	chrXIX	8150001	8200000	0.013572263342423	1546	3484	256700	37040
white	chrXIX	8150001	8200000	0.0141998471663035	1546	3735	263031	30709
common	chrXIX	8200001	8250000	0.0078214261374342	1560	1951	249443	46957
white	chrXIX	8200001	8250000	0.0100224823742551	1560	2755	274882	21518
white	chrXIX	8250001	8300000	0.0153155434238885	1882	4960	323854	33726
common	chrXIX	8250001	8300000	0.0157089046452218	1882	4821	306896	50684
white	chrXIX	8300001	8350000	0.0380827062252978	1179	7930	208231	15779
common	chrXIX	8300001	8350000	0.0384553399219144	1179	7397	192353	31657
common	chrXIX	8350001	8400000	0.030317307654867	1565	7786	256817	40533
white	chrXIX	8350001	8400000	0.0310523888169739	1565	8348	268836	28514
common	chrXIX	8400001	8450000	0.0298213396804946	1494	7129	239057	44803
white	chrXIX	8400001	8450000	0.0314696418391279	1494	8225	261363	22497
common	chrXIX	8450001	8500000	0.0214348027842227	1623	5774	269375	38995
white	chrXIX	8450001	8500000	0.0270964554773372	1623	7679	283395	24975
common	chrXIX	8500001	8550000	0.0257060308515279	1709	7189	279662	45048
white	chrXIX	8500001	8550000	0.0264892472040056	1709	7925	299178	25532
common	chrXIX	8550001	8600000	0.0170955328166841	1709	4820	281945	42765
white	chrXIX	8550001	8600000	0.0205551027586043	1709	6078	295693	29017
common	chrXIX	8600001	8650000	0.0156973995271867	1319	3320	211500	39110
white	chrXIX	8600001	8650000	0.0204516816904138	1319	4642	226974	23636
white	chrXIX	8650001	8700000	0.0228979425929651	1423	5577	243559	26811
common	chrXIX	8650001	8700000	0.017453732838447	1423	4077	233589	36781
common	chrXIX	8700001	8750000	0.0225393067697846	1597	5922	262741	40689
white	chrXIX	8700001	8750000	0.021534518407903	1597	5999	278576	24854
common	chrXIX	8750001	8800000	0.0186308958247431	1352	4157	223124	33756
white	chrXIX	8750001	8800000	0.0182856505875846	1352	4265	233243	23637
common	chrXIX	8800001	8850000	0.0154750459613081	1430	3670	237156	34544
white	chrXIX	8800001	8850000	0.0161877765933391	1430	4009	247656	24044
common	chrXIX	8850001	8900000	0.0121189932198519	1324	2615	215777	35783
white	chrXIX	8850001	8900000	0.0099431072210065	1324	2272	228500	23060
common	chrXIX	8900001	8950000	0.021381130397204	1447	5096	238341	36589
white	chrXIX	8900001	8950000	0.0209827409567341	1447	5325	253780	21150
white	chrXIX	8950001	9000000	0.0192956542019746	1119	3723	192945	19665
common	chrXIX	8950001	9000000	0.0161808935309236	1119	2959	182870	29740
common	chrXIX	9000001	9050000	0.0294725976482007	1553	7652	259631	35439
white	chrXIX	9000001	9050000	0.0261209417062016	1553	7031	269171	25899
common	chrXIX	9050001	9100000	0.021233806292412	1503	5163	243150	42420
white	chrXIX	9050001	9100000	0.0149754425692733	1503	3915	261428	24142
common	chrXIX	9100001	9150000	0.0148334142172894	1717	4218	284358	41872
white	chrXIX	9100001	9150000	0.0096387800249671	1717	2880	298793	27437
common	chrXIX	9150001	9200000	0.0251131164070661	1676	6899	274717	43723
white	chrXIX	9150001	9200000	0.0234559126108263	1676	6897	294041	24399
common	chrXIX	9200001	9250000	0.0147255741232381	1564	3805	258394	38766
white	chrXIX	9200001	9250000	0.0154838614220295	1564	4186	270346	26814
white	chrXIX	9250001	9300000	0.0269960946988807	1228	5779	214068	19252
common	chrXIX	9250001	9300000	0.0251191243692346	1228	5182	206297	27023
common	chrXIX	9300001	9350000	0.0199963970455773	1421	4662	233142	36848
white	chrXIX	9300001	9350000	0.0259082991040717	1421	6440	248569	21421
common	chrXIX	9350001	9400000	0.0094933564570179	1349	2102	221418	34892
white	chrXIX	9350001	9400000	0.0119146812389238	1349	2817	236431	19879
common	chrXIX	9400001	9450000	0.0138858088398355	1421	3256	234484	35506
white	chrXIX	9400001	9450000	0.0145693276037013	1421	3604	247369	22621
common	chrXIX	9450001	9500000	0.0244931877294622	1278	5217	212998	29822
white	chrXIX	9450001	9500000	0.0215622847079327	1278	4726	219179	23641
common	chrXIX	9500001	9550000	0.0218888836626571	1424	5119	233863	36697
white	chrXIX	9500001	9550000	0.0224477294343333	1424	5570	248132	22428
white	chrXIX	9550001	9600000	0.0158098223215072	1514	4126	260977	26683
common	chrXIX	9550001	9600000	0.0174082791751351	1514	4334	248962	38698
common	chrXIX	9600001	9650000	0.035876638858487	1315	7900	220199	29651
white	chrXIX	9600001	9650000	0.0316696190720882	1315	7026	221853	27997
common	chrXIX	9650001	9700000	0.0147682451849839	1457	3587	242886	33944
white	chrXIX	9650001	9700000	0.0138160895625105	1457	3453	249926	26904
common	chrXIX	9700001	9750000	0.0210385179961129	1486	5131	243886	38454
white	chrXIX	9700001	9750000	0.0149103156214997	1486	3887	260692	21648
common	chrXIX	9750001	9800000	0.0239181459259489	1573	6155	257336	41534
white	chrXIX	9750001	9800000	0.0235380006545326	1573	6545	278061	20809
common	chrXIX	9800001	9850000	0.018553555311347	1601	4913	264801	39389
white	chrXIX	9800001	9850000	0.0185089901316139	1601	5216	281809	22381
white	chrXIX	9850001	9900000	0.0181743185682778	1365	4318	237588	21762
common	chrXIX	9850001	9900000	0.0176612231999394	1365	3968	224673	34677
common	chrXIX	9900001	9950000	0.012451087608134	1677	3427	275237	43393
white	chrXIX	9900001	9950000	0.0113018127021514	1677	3330	294643	23987
common	chrXIX	9950001	10000000	0.0164267938767824	1638	4449	270838	40382
white	chrXIX	9950001	10000000	0.0124281614336938	1638	3473	279446	31774
common	chrXIX	10000001	10050000	0.0069444963278967	1629	1859	267694	41816
white	chrXIX	10000001	10050000	0.0054287019682192	1629	1509	277967	31543
common	chrXIX	10050001	10100000	0.0105267269495927	1858	3234	307218	45802
white	chrXIX	10050001	10100000	0.0104064653712737	1858	3411	327777	25243
common	chrXIX	10100001	10150000	0.0085927807274413	1458	2057	239387	37633
white	chrXIX	10100001	10150000	0.0064531558283675	1458	1619	250885	26135
common	chrXIX	10150001	10200000	0.0129984235569761	1676	3595	276572	41868
white	chrXIX	10150001	10200000	0.0093169404524489	1676	2719	291834	26606
common	chrXIX	10200001	10250000	0.0106529114257765	1802	3071	288278	54102
white	chrXIX	10200001	10250000	0.0075103984011762	1802	2360	314231	28149
white	chrXIX	10250001	10300000	0.0113220767021612	1512	2941	259758	27522
common	chrXIX	10250001	10300000	0.014350914408768	1512	3572	248904	38376
common	chrXIX	10300001	10350000	0.0159338963043675	1692	4387	275325	46155
white	chrXIX	10300001	10350000	0.0163876168912264	1692	4842	295467	26013
common	chrXIX	10350001	10400000	0.0300601122679153	1532	7556	251363	39717
white	chrXIX	10350001	10400000	0.0248426131865646	1532	6590	265270	25810
common	chrXIX	10400001	10450000	0.0163173215795736	1605	4361	267262	37688
white	chrXIX	10400001	10450000	0.0136050975695361	1605	3760	276367	28583
common	chrXIX	10450001	10500000	0.0191913029008819	1668	5190	270435	46485
white	chrXIX	10450001	10500000	0.0185968023535557	1668	5411	290964	25956
common	chrXIX	10500001	10550000	0.0115686361420149	1498	2871	248171	36449
white	chrXIX	10500001	10550000	0.0094133133928432	1498	2417	256764	27856
white	chrXIX	10550001	10600000	0.0153347858965549	1654	4441	289603	24657
common	chrXIX	10550001	10600000	0.0187346964096089	1654	5134	274037	40223
common	chrXIX	10600001	10650000	0.0132365800390383	1464	3194	241301	36859
white	chrXIX	10600001	10650000	0.0118230598914216	1464	3001	253826	24334
common	chrXIX	10650001	10700000	0.023853956874411	1337	5164	216484	37546
white	chrXIX	10650001	10700000	0.0228946058660991	1337	5336	233068	20962
common	chrXIX	10700001	10750000	0.0251563452748703	1225	4992	198439	34311
white	chrXIX	10700001	10750000	0.0269099819080587	1225	5667	210591	22159
common	chrXIX	10750001	10800000	0.0288409967493249	1292	6184	214417	31063
white	chrXIX	10750001	10800000	0.0259660591949133	1292	5799	223330	22150
common	chrXIX	10800001	10850000	0.0280389414802065	1148	5213	185920	32200
white	chrXIX	10800001	10850000	0.0248960371513929	1148	4975	199831	18289
white	chrXIX	10850001	10900000	0.0197581936354903	1300	4566	231094	15906
common	chrXIX	10850001	10900000	0.0247941328453519	1300	5230	210937	36063
common	chrXIX	10900001	10950000	0.0191070326807627	1242	3902	204218	31762
white	chrXIX	10900001	10950000	0.0173148458176047	1242	3775	218021	17959
common	chrXIX	10950001	11000000	0.0180208011533312	1003	2975	165087	25483
white	chrXIX	10950001	11000000	0.0193706818090751	1003	3384	174697	15873
common	chrXIX	11000001	11050000	0.0139868177337288	1380	3164	226213	35987
white	chrXIX	11000001	11050000	0.0134085520398986	1380	3280	244620	17580
common	chrXIX	11050001	11100000	0.0133525349519395	1276	2763	206927	35513
white	chrXIX	11050001	11100000	0.0112511453261709	1276	2505	222644	19796
common	chrXIX	11100001	11150000	0.0133077008320926	1264	2762	207549	32611
white	chrXIX	11100001	11150000	0.0100539536245944	1264	2197	218521	21639
white	chrXIX	11150001	11200000	0.0286206945288539	1219	6075	212259	19351
common	chrXIX	11150001	11200000	0.0286955357541317	1219	5787	201669	29941
common	chrXIX	11200001	11250000	0.0242064566967913	993	3932	162436	26234
white	chrXIX	11200001	11250000	0.0154447714093209	993	2682	173651	15019
common	chrXIX	11250001	11300000	0.013694298501654	1257	2815	205560	33270
white	chrXIX	11250001	11300000	0.0154893056565462	1257	3387	218667	20163
common	chrXIX	11300001	11350000	0.020760133570841	1148	3811	183573	34547
white	chrXIX	11300001	11350000	0.0212465571561614	1148	4289	201868	16252
common	chrXIX	11350001	11400000	0.018911725026435	1000	3112	164554	25446
white	chrXIX	11350001	11400000	0.0181647281345689	1000	3150	173413	16587
common	chrXIX	11400001	11450000	0.0225282435242182	1187	4399	195266	30264
white	chrXIX	11400001	11450000	0.0229168673538194	1187	4758	207620	17910
common	chrXIX	11450001	11500000	0.0138905307956023	1900	4465	321442	39558
white	chrXIX	11450001	11500000	0.0144819226597887	1900	4767	329169	31831
white	chrXIX	11500001	11550000	0.0126416807564656	1474	3230	255504	24556
common	chrXIX	11500001	11550000	0.0118907580306831	1474	2891	243130	36930
common	chrXIX	11550001	11600000	0.0116556944300569	1728	3263	279949	48371
white	chrXIX	11550001	11600000	0.0120047742139691	1728	3641	303296	25024
common	chrXIX	11600001	11650000	0.0190227225477589	1579	4941	259742	40268
white	chrXIX	11600001	11650000	0.0174980651002497	1579	4793	273916	26094
common	chrXIX	11650001	11700000	0.0144852639418765	1613	3812	263164	43306
white	chrXIX	11650001	11700000	0.0155000641381964	1613	4350	280644	25826
common	chrXIX	11700001	11750000	0.015353254275129	1517	3796	247244	40986
white	chrXIX	11700001	11750000	0.0131474491477187	1517	3511	267048	21182
common	chrXIX	11750001	11800000	0.0166742005570218	1628	4574	274316	35004
white	chrXIX	11750001	11800000	0.014640472439257	1628	4098	279909	29411
white	chrXIX	11800001	11850000	0.0314919754574927	1733	9403	298584	30686
common	chrXIX	11800001	11850000	0.0330674925438429	1733	9524	288017	41253
common	chrXIX	11850001	11900000	0.0181183098591549	1672	4824	266250	51430
white	chrXIX	11850001	11900000	0.0152185934279538	1672	4541	298385	19295
common	chrXIX	11900001	11950000	0.0134373384935277	1493	3354	249603	34067
white	chrXIX	11900001	11950000	0.0109751516127301	1493	2863	260862	22808
common	chrXIX	11950001	12000000	0.0093020210229526	1582	2415	259621	40959
white	chrXIX	11950001	12000000	0.0100260525181081	1582	2767	275981	24599
common	chrXIX	12000001	12050000	0.0142741908854621	1322	3026	211991	39189
white	chrXIX	12000001	12050000	0.0133286086930534	1322	3122	234233	16947
common	chrXIX	12050001	12100000	0.0181458578041871	1433	4202	231568	40702
white	chrXIX	12050001	12100000	0.0157380413556113	1433	3957	251429	20841
common	chrXIX	12100001	12150000	0.0185432722445517	1365	4023	216952	42398
white	chrXIX	12100001	12150000	0.0196577070031881	1365	4723	240262	19088
white	chrXIX	12150001	12200000	0.0144851600339953	1381	3511	242386	20004
common	chrXIX	12150001	12200000	0.0130174007660937	1381	2943	226082	36308
common	chrXIX	12200001	12250000	0.0184058570932794	1478	4402	239163	41657
white	chrXIX	12200001	12250000	0.0193964263412855	1478	5001	257831	22989
common	chrXIX	12250001	12300000	0.0207769424502411	1604	5519	265631	39129
white	chrXIX	12250001	12300000	0.0209172600577547	1604	5831	278765	25995
common	chrXIX	12300001	12350000	0.0181177864755021	1465	4342	239654	38696
white	chrXIX	12300001	12350000	0.015018695552365	1465	3860	257013	21337
common	chrXIX	12350001	12400000	0.0143724618602491	1756	4116	286381	47259
white	chrXIX	12350001	12400000	0.0133473411992888	1756	4129	309350	24290
common	chrXIX	12400001	12450000	0.0092370497564625	1818	2765	299338	46082
white	chrXIX	12400001	12450000	0.0113802848852046	1818	3612	317391	28029
white	chrXIX	12450001	12500000	0.0220219453522149	2017	7763	352512	30718
common	chrXIX	12450001	12500000	0.0210689178633659	2017	7013	332860	50370
common	chrXIX	12500001	12550000	0.0152947615696593	1811	4499	294153	49937
white	chrXIX	12500001	12550000	0.0146315483992358	1811	4588	313569	30521
common	chrXIX	12550001	12600000	0.0217650878773278	1452	5195	238685	37195
white	chrXIX	12550001	12600000	0.0204828748772865	1452	5237	255677	20203
common	chrXIX	12600001	12650000	0.0172281624852893	1683	4787	277859	41911
white	chrXIX	12600001	12650000	0.0189774625516882	1683	5544	292136	27634
common	chrXIX	12650001	12700000	0.0182648263585089	2013	6033	330307	52163
white	chrXIX	12650001	12700000	0.0176917674422572	2013	6222	351689	30781
common	chrXIX	12700001	12750000	0.010843693224733	1506	2656	244935	41205
white	chrXIX	12700001	12750000	0.0102357873171842	1506	2698	263585	22555
common	chrXIX	12750001	12800000	0.0151643066083154	1351	3323	219133	37557
white	chrXIX	12750001	12800000	0.0210381313465171	1351	4933	234479	22211
white	chrXIX	12800001	12850000	0.0211018119769237	1434	5194	246140	26320
common	chrXIX	12800001	12850000	0.0194203256148351	1434	4565	235063	37397
common	chrXIX	12850001	12900000	0.0115685200472153	1603	2999	259238	45332
white	chrXIX	12850001	12900000	0.011469623502567	1603	3217	280480	24090
common	chrXIX	12900001	12950000	0.0208394634357421	1743	6020	288875	42295
white	chrXIX	12900001	12950000	0.0208672611260912	1743	6253	299656	31514
common	chrXIX	12950001	13000000	0.0213441561172561	1464	5075	237770	40390
white	chrXIX	12950001	13000000	0.0238885514430707	1464	6096	255185	22975
common	chrXIX	13000001	13050000	0.0161522382387273	1568	4165	257859	40061
white	chrXIX	13000001	13050000	0.0168667497612852	1568	4628	274386	23534
common	chrXIX	13050001	13100000	0.0149191413851464	1645	4002	268246	44304
white	chrXIX	13050001	13100000	0.0162701458173445	1645	4664	286660	25890
white	chrXIX	13100001	13150000	0.0185009812652881	1434	4591	248149	24311
common	chrXIX	13100001	13150000	0.0170048973425338	1434	4007	235638	36822
common	chrXIX	13150001	13200000	0.0063541779169816	1683	1765	277770	42000
white	chrXIX	13150001	13200000	0.0086173249298293	1683	2539	294639	25131
common	chrXIX	13200001	13250000	0.0170361472097848	1897	5304	311338	49092
white	chrXIX	13200001	13250000	0.0151719201184149	1897	5002	329688	30742
common	chrXIX	13250001	13300000	0.0070323446382074	2040	2374	337583	50017
white	chrXIX	13250001	13300000	0.0058692928886204	2040	2099	357624	29976
common	chrXIX	13300001	13350000	0.0119358318544037	1438	2744	229896	43324
white	chrXIX	13300001	13350000	0.0134298306360255	1438	3355	249817	23403
common	chrXIX	13350001	13400000	0.0227143311418915	1648	6143	270446	42674
white	chrXIX	13350001	13400000	0.0193172512387746	1648	5567	288188	24932
white	chrXIX	13400001	13450000	0.0122483697193081	1219	2592	211620	19990
common	chrXIX	13400001	13450000	0.0134100756516652	1219	2705	201714	29896
white	chrXIX	13450001	13500000	0.0147105852254557	1278	3220	218890	23930
common	chrXIX	13450001	13500000	0.013302659569348	1278	2764	207778	35042
common	chrXIX	13500001	13550000	0.0153797285126093	1515	3825	248704	39146
white	chrXIX	13500001	13550000	0.0167628938767608	1515	4416	263439	24411
common	chrXIX	13550001	13600000	0.0232237937973598	1277	4824	207718	34912
white	chrXIX	13550001	13600000	0.0265115348591901	1277	5831	219942	22688
common	chrXIX	13600001	13650000	0.0164105815792354	1599	4348	264951	38859
white	chrXIX	13600001	13650000	0.0168118972097119	1599	4696	279326	24484
common	chrXIX	13650001	13700000	0.0089124748135317	1385	2017	226312	36838
white	chrXIX	13650001	13700000	0.0104292017649418	1385	2470	236835	26315
common	chrXIX	13700001	13750000	0.0135906989193926	1444	3148	231629	42731
white	chrXIX	13700001	13750000	0.0119493250587979	1444	3023	252985	21375
common	chrXIX	13750001	13800000	0.0132456701673379	1463	3167	239097	38873
white	chrXIX	13750001	13800000	0.013535915922491	1463	3462	255764	22206
white	chrXIX	13800001	13850000	0.0084055986611897	1644	2431	289212	23148
common	chrXIX	13800001	13850000	0.0153272914857452	1644	4130	269454	42906
common	chrXIX	13850001	13900000	0.0090336166052493	1997	3003	332425	47005
white	chrXIX	13850001	13900000	0.0095719746194531	1997	3263	340891	38539
common	chrXIX	13900001	13950000	0.0106642562816416	1409	2513	235647	32063
white	chrXIX	13900001	13950000	0.0101717511706566	1409	2472	243026	24684
common	chrXIX	13950001	14000000	0.0034619733828177	1047	597	172445	26485
white	chrXIX	13950001	14000000	0.0043275197596185	1047	795	183708	15222
common	chrXIX	14000001	14050000	0.0069224668012156	1544	1763	254678	38682
white	chrXIX	14000001	14050000	0.008434909983695	1544	2240	265563	27797
common	chrXIX	14050001	14100000	0.0059330188457837	1299	1264	213045	33765
white	chrXIX	14050001	14100000	0.0080358597489289	1299	1825	227107	19703
white	chrXIX	14100001	14150000	0.0073291908770389	1300	1636	223217	23783
common	chrXIX	14100001	14150000	0.0075821557479534	1300	1607	211945	35055
common	chrXIX	14150001	14200000	0.0107792797812427	1387	2515	233318	30212
white	chrXIX	14150001	14200000	0.0091418733071577	1387	2177	238135	25395
common	chrXIX	14200001	14250000	0.0043624995559344	1725	1228	281490	46260
white	chrXIX	14200001	14250000	0.004452830942183	1725	1338	300483	27267
common	chrXIX	14250001	14300000	0.0310134752776402	1409	7015	226192	41518
white	chrXIX	14250001	14300000	0.0308882177175784	1409	7660	247991	19719
common	chrXIX	14300001	14350000	0.0387693322143627	1627	10348	266912	42218
white	chrXIX	14300001	14350000	0.0385875640877375	1627	11011	285351	23779
common	chrXIX	14350001	14400000	0.0216107453768514	1503	5295	245017	40553
white	chrXIX	14350001	14400000	0.0245877961824111	1503	6469	263098	22472
white	chrXIX	14400001	14450000	0.0204228096691096	1211	4297	210402	19688
common	chrXIX	14400001	14450000	0.023626164205506	1211	4835	204646	25444
common	chrXIX	14450001	14500000	0.0333746863544358	1299	7156	214414	32396
white	chrXIX	14450001	14500000	0.0295322777848381	1299	6739	228191	18619
common	chrXIX	14500001	14550000	0.0090918387720417	1263	1867	205349	34621
white	chrXIX	14500001	14550000	0.0098980903961524	1263	2163	218527	21443
common	chrXIX	14550001	14600000	0.0214170550816404	1034	3653	170565	25895
white	chrXIX	14550001	14600000	0.021997601891592	1034	3926	178474	17986
common	chrXIX	14600001	14650000	0.0159775001073468	1429	3721	232890	38620
white	chrXIX	14600001	14650000	0.0147718945585449	1429	3689	249731	21779
common	chrXIX	14650001	14700000	0.012031621456538	1376	2738	227567	33873
white	chrXIX	14650001	14700000	0.0097802261911707	1376	2347	239974	21466
white	chrXIX	14700001	14750000	0.0119765046914333	1140	2355	196635	19965
common	chrXIX	14700001	14750000	0.0186846475010212	1140	3522	188497	28103
common	chrXIX	14750001	14800000	0.0186178420986778	1465	4464	239770	38580
white	chrXIX	14750001	14800000	0.0121457331613306	1465	3107	255810	22540
common	chrXIX	14800001	14850000	0.0419982350458504	797	5473	130315	21115
white	chrXIX	14800001	14850000	0.0398533444616668	797	5348	134192	17238
common	chrXIX	14850001	14900000	0.0253346381215627	1065	4427	174741	27609
white	chrXIX	14850001	14900000	0.0270744738850725	1065	4966	183420	18930
common	chrXIX	14900001	14950000	0.0188178198808419	1531	4684	248913	41977
white	chrXIX	14900001	14950000	0.0230017144365974	1531	6185	268893	21997
common	chrXIX	14950001	15000000	0.0196800896924441	1123	3616	183739	29631
white	chrXIX	14950001	15000000	0.0183748132117277	1123	3566	194070	19300
white	chrXIX	15000001	15050000	0.019107580643744	1312	4349	227606	21674
common	chrXIX	15000001	15050000	0.0226617641624478	1312	4906	216488	32792
common	chrXIX	15050001	15100000	0.0105545417599668	1555	2649	250982	44468
white	chrXIX	15050001	15100000	0.0116924694364032	1555	3203	273937	21513
common	chrXIX	15100001	15150000	0.0086210778394088	1489	2106	244285	38625
white	chrXIX	15100001	15150000	0.0067078162159226	1489	1729	257759	25151
common	chrXIX	15150001	15200000	0.0122601737933407	1270	2565	209214	32086
white	chrXIX	15150001	15200000	0.0102741715639175	1270	2299	223765	17535
common	chrXIX	15200001	15250000	0.0108234265152559	1287	2277	210377	34153
white	chrXIX	15200001	15250000	0.0093719308908178	1287	2128	227061	17469
common	chrXIX	15250001	15300000	0.0045163777093399	1539	1160	256843	35567
white	chrXIX	15250001	15300000	0.0042640299426301	1539	1129	264773	27637
common	chrXIX	15300001	15350000	0.008257070116287	1399	1920	232528	33282
white	chrXIX	15300001	15350000	0.009459403905447	1399	2301	243250	22560
white	chrXIX	15350001	15400000	0.0192392006185879	1452	4827	250894	24986
common	chrXIX	15350001	15400000	0.0205223029755266	1452	4950	241201	34679
white	chrXIX	15400001	15450000	0.0054586673759134	1343	1293	236871	18299
common	chrXIX	15400001	15450000	0.0067369365328549	1343	1502	222950	32220
common	chrXIX	15450001	15500000	0.0025893791689916	1654	710	274197	40063
white	chrXIX	15450001	15500000	0.0039546826011325	1654	1139	288013	26247
common	chrXIX	15500001	15550000	0.0226660107414529	1477	5575	245963	34667
white	chrXIX	15500001	15550000	0.0206860845485852	1477	5274	254954	25676
common	chrXIX	15550001	15600000	0.0151955578258041	1658	4135	272119	42901
white	chrXIX	15550001	15600000	0.013941976525885	1658	4129	296156	18864
common	chrXIX	15600001	15650000	0.0088410259900077	1084	1559	176337	29623
white	chrXIX	15600001	15650000	0.0113893642576983	1084	2143	188158	17802
common	chrXIX	15650001	15700000	0.0180786899590612	777	2314	127996	19634
white	chrXIX	15650001	15700000	0.019206859915758	777	2549	132713	14917
white	chrXIX	15700001	15750000	0.0142833859329392	1551	3856	269964	24726
common	chrXIX	15700001	15750000	0.016166408747771	1551	4116	254602	40088
common	chrXIX	15750001	15800000	0.012856598403502	1742	3677	286001	44979
white	chrXIX	15750001	15800000	0.010211316603826	1742	3082	301822	29158
common	chrXIX	15800001	15850000	0.0156155857364752	1094	2825	180909	26951
white	chrXIX	15800001	15850000	0.0156809020733988	1094	2976	189785	18075
common	chrXIX	15850001	15900000	0.0103658362583112	1728	2906	280344	47976
white	chrXIX	15850001	15900000	0.0088823755144169	1728	2685	302284	26036
common	chrXIX	15900001	15950000	0.0135512156237544	1716	3842	283517	42523
white	chrXIX	15900001	15950000	0.0124492539454327	1716	3732	299777	26263
common	chrXIX	15950001	16000000	0.0127284118691734	1311	2702	212281	36809
white	chrXIX	15950001	16000000	0.0116390915359647	1311	2650	227681	21409
white	chrXIX	16000001	16050000	0.0146520615805094	1348	3431	234165	21955
common	chrXIX	16000001	16050000	0.014271882792448	1348	3125	218962	37158
common	chrXIX	16050001	16100000	0.0140588446172438	1619	3804	270577	37033
white	chrXIX	16050001	16100000	0.0145521383745803	1619	4109	282364	25246
common	chrXIX	16100001	16150000	0.0184575945310831	1471	4320	234050	45440
white	chrXIX	16100001	16150000	0.016261071757715	1471	4217	259331	20159
common	chrXIX	16150001	16200000	0.0207261593814325	1722	5991	289055	38125
white	chrXIX	16150001	16200000	0.0246738277008402	1722	7385	299305	27875
common	chrXIX	16200001	16250000	0.018716093199758	1968	6096	325709	48211
white	chrXIX	16200001	16250000	0.0207119441194527	1968	7152	345308	28612
common	chrXIX	16250001	16300000	0.0157200953023294	1547	3939	250571	43359
white	chrXIX	16250001	16300000	0.0098801207029524	1547	2639	267102	26828
white	chrXIX	16300001	16350000	0.004437584410573	1874	1472	331712	24348
common	chrXIX	16300001	16350000	0.0052848341076076	1874	1604	303510	52550
common	chrXIX	16350001	16400000	0.0125841953331729	1640	3348	266048	45552
white	chrXIX	16350001	16400000	0.0167664670658682	1640	4760	283900	27700
common	chrXIX	16400001	16450000	0.0098029929910967	1543	2484	253392	39778
white	chrXIX	16400001	16450000	0.0110157281786528	1543	2936	266528	26642
common	chrXIX	16450001	16500000	0.0222309594414074	1318	4693	211102	39318
white	chrXIX	16450001	16500000	0.0218429917555087	1318	5116	234217	16203
common	chrXIX	16500001	16550000	0.0211795538009031	1096	3766	177813	30427
white	chrXIX	16500001	16550000	0.0232226079386816	1096	4375	188394	19846
common	chrXIX	16550001	16600000	0.0176909508240278	1653	4794	270986	43084
white	chrXIX	16550001	16600000	0.0187159515398028	1653	5356	286173	27897
common	chrXIX	16600001	16650000	0.0257879070376003	1510	6307	244572	42328
white	chrXIX	16600001	16650000	0.0276928018599528	1510	7242	261512	25388
white	chrXIX	16650001	16700000	0.0238701980434263	1800	7503	314325	27675
common	chrXIX	16650001	16700000	0.0257966929790408	1800	7487	290231	51769
common	chrXIX	16700001	16750000	0.0172798035285748	2040	5854	338777	48823
white	chrXIX	16700001	16750000	0.017261662431738	2040	6148	356165	31435
common	chrXIX	16750001	16800000	0.0218923580459848	1798	6448	294532	47088
white	chrXIX	16750001	16800000	0.0186542433120407	1798	5826	312315	29305
common	chrXIX	16800001	16850000	0.014333313879147	2304	5403	376954	60806
white	chrXIX	16800001	16850000	0.0126953245554044	2304	5142	405031	32729
common	chrXIX	16850001	16900000	0.0136089918521063	1886	4199	308546	49794
white	chrXIX	16850001	16900000	0.0153371350268149	1886	5059	329853	28487
common	chrXIX	16900001	16950000	0.0169494950855895	1830	5032	296882	50818
white	chrXIX	16900001	16950000	0.0180630771179398	1830	5847	323699	24001
white	chrXIX	16950001	17000000	0.0228218906195161	1896	7543	330516	29724
common	chrXIX	16950001	17000000	0.0209195111426893	1896	6448	308229	52011
common	chrXIX	17000001	17050000	0.0199106904994481	1930	6278	315308	51392
white	chrXIX	17000001	17050000	0.0192057029513966	1930	6439	335265	31435
common	chrXIX	17050001	17100000	0.0297154561336573	1524	7399	248995	40565
white	chrXIX	17050001	17100000	0.0302965940984601	1524	7988	263660	25900
common	chrXIX	17100001	17150000	0.0372324439843723	1637	10035	269523	41507
white	chrXIX	17100001	17150000	0.0343480475680233	1637	9777	284645	26385
common	chrXIX	17150001	17200000	0.023365726148018	1650	6427	275061	38439
white	chrXIX	17150001	17200000	0.0234389440094857	1650	6721	286745	26755
common	chrXIX	17200001	17250000	0.0225285109156076	934	3457	153450	24010
white	chrXIX	17200001	17250000	0.0249989090251672	934	4010	160407	17053
common	chrXIX	17250001	17300000	0.0353664117147153	187	1082	30594	4936
white	chrXIX	17250001	17300000	0.0546750941868792	187	1756	32117	3413
white	chrXIX	17300001	17350000	0.0241621096608523	1738	7264	300636	29584
common	chrXIX	17300001	17350000	0.0242418553554232	1738	6973	287643	42577
common	chrXIX	17350001	17400000	0.0271327364993057	1478	6507	239821	40999
white	chrXIX	17350001	17400000	0.0243512007714922	1478	6237	256127	24693
common	chrXIX	17400001	17450000	0.0206913275815221	2106	7082	342269	57871
white	chrXIX	17400001	17450000	0.0205911521155311	2106	7537	366031	34109
common	chrXIX	17450001	17500000	0.0171574092546736	1586	4386	255633	45707
white	chrXIX	17450001	17500000	0.0177189763819496	1586	4887	275806	25534
common	chrXIX	17500001	17550000	0.0341433901381466	2116	11851	347095	54945
white	chrXIX	17500001	17550000	0.0328462660148117	2116	12006	365521	36519
common	chrXIX	17550001	17600000	0.0324953214442976	1743	9446	290688	40482
white	chrXIX	17550001	17600000	0.0294429682085576	1743	8964	304453	26717
white	chrXIX	17600001	17650000	0.0199470901508354	1477	5180	259687	20943
common	chrXIX	17600001	17650000	0.0196428647187846	1477	4630	235709	44921
common	chrXIX	17650001	17700000	0.0204480809325585	1719	5708	279146	47464
white	chrXIX	17650001	17700000	0.0196567129085351	1719	5852	297710	28900
common	chrXIX	17700001	17750000	0.0186226726168787	1706	5162	277189	46951
white	chrXIX	17700001	17750000	0.0214164062814306	1706	6388	298276	25864
common	chrXIX	17750001	17800000	0.0379553356824493	1602	9759	257118	47262
white	chrXIX	17750001	17800000	0.0367410786799341	1602	10405	283198	21182
common	chrXIX	17800001	17850000	0.0218527907673558	1812	6491	297033	47247
white	chrXIX	17800001	17850000	0.0214243397461881	1812	6871	320710	23570
common	chrXIX	17850001	17900000	0.0234749286927761	1755	6757	287839	45611
white	chrXIX	17850001	17900000	0.0238795257676972	1755	7253	303733	29717
common	chrXIX	17900001	17950000	0.0280497118655835	1929	8888	316866	49644
white	chrXIX	17900001	17950000	0.0280118187826179	1929	9452	337429	29081
white	chrXIX	17950001	18000000	0.0339511059371362	2452	14582	429500	36380
common	chrXIX	17950001	18000000	0.0353045166210267	2452	14259	403886	61994
common	chrXIX	18000001	18050000	0.0270092973050339	2040	9058	335366	52234
white	chrXIX	18000001	18050000	0.0281519579061469	2040	9973	354256	33344
common	chrXIX	18050001	18100000	0.0375948475587409	1898	11797	313793	46827
white	chrXIX	18050001	18100000	0.0372283560496459	1898	12223	328325	32295
common	chrXIX	18100001	18150000	0.029070897645699	1723	8225	282929	44441
white	chrXIX	18100001	18150000	0.0304967359247108	1723	9203	301770	25600
common	chrXIX	18150001	18200000	0.0303829757495282	1395	6956	228944	36106
white	chrXIX	18150001	18200000	0.0285611715006094	1395	6842	239556	25494
common	chrXIX	18200001	18250000	0.0199273014521195	1954	6458	324078	47182
white	chrXIX	18200001	18250000	0.0189528236643292	1954	6495	342693	28567
white	chrXIX	18250001	18300000	0.038249108526791	1955	13054	341289	30161
common	chrXIX	18250001	18300000	0.0403066317593656	1955	12840	318558	52892
common	chrXIX	18300001	18350000	0.0193270609762128	1933	6253	323536	43734
white	chrXIX	18300001	18350000	0.0189352908070948	1933	6258	330494	36776
common	chrXIX	18350001	18400000	0.019907654007309	2083	6989	351071	44699
white	chrXIX	18350001	18400000	0.0206798325218976	2083	7463	360883	34887
common	chrXIX	18400001	18450000	0.0331020856759864	1920	10421	314814	49986
white	chrXIX	18400001	18450000	0.0329480913818744	1920	11144	338229	26571
common	chrXIX	18450001	18500000	0.0331354627971984	1750	9495	286551	45949
white	chrXIX	18450001	18500000	0.0322202656650251	1750	9899	307229	25271
common	chrXIX	18500001	18550000	0.027647001237062	1380	6213	224726	37474
white	chrXIX	18500001	18550000	0.0272818639409824	1380	6542	239793	22407
white	chrXIX	18550001	18600000	0.0373623348017621	1666	10856	290560	25980
common	chrXIX	18550001	18600000	0.0361353611888943	1666	9872	273195	43345
white	chrXIX	18600001	18650000	0.0423958945656368	1582	11756	277291	23289
common	chrXIX	18600001	18650000	0.0425618207591746	1582	10809	253960	46620
common	chrXIX	18650001	18700000	0.047246121481982	1499	11746	248613	36197
white	chrXIX	18650001	18700000	0.0459380748007357	1499	11988	260960	23850
common	chrXIX	18700001	18750000	0.0352861008117045	1505	8803	249475	36475
white	chrXIX	18700001	18750000	0.0335561596105012	1505	8629	257151	28799
common	chrXIX	18750001	18800000	0.0438753043705669	1718	12415	282961	43459
white	chrXIX	18750001	18800000	0.0427451059319191	1718	12743	298116	28304
common	chrXIX	18800001	18850000	0.057790268060687	1568	14703	254420	43500
white	chrXIX	18800001	18850000	0.057992877813155	1568	15992	275758	22162
common	chrXIX	18850001	18900000	0.0430533126846153	1661	11704	271849	43741
white	chrXIX	18850001	18900000	0.043171650454484	1661	12458	288569	27021
common	chrXIX	18900001	18950000	0.0326621560358911	1423	7637	233818	36552
white	chrXIX	18900001	18950000	0.0332150553314214	1423	8200	246876	23494
white	chrXIX	18950001	19000000	0.0327973591736769	1581	8932	272339	28051
common	chrXIX	18950001	19000000	0.0327078104873283	1581	8354	255413	44977
common	chrXIX	19000001	19050000	0.0342373991485307	1624	9200	268712	39848
white	chrXIX	19000001	19050000	0.0292394293200501	1624	8124	277844	30716
common	chrXIX	19050001	19100000	0.0200355554832331	1499	4925	245813	38997
white	chrXIX	19050001	19100000	0.0195015747695955	1499	5034	258133	26677
common	chrXIX	19100001	19150000	0.0324043621256707	1413	7488	231080	37390
white	chrXIX	19100001	19150000	0.0320229790726302	1413	7804	243700	24770
common	chrXIX	19150001	19200000	0.0223704057163422	1520	5532	247291	41509
white	chrXIX	19150001	19200000	0.0221210298272199	1520	5810	262646	26154
common	chrXIX	19200001	19250000	0.0263801454694624	1157	5016	190143	29687
white	chrXIX	19200001	19250000	0.0255080408996341	1157	5174	202838	16992
white	chrXIX	19250001	19300000	0.0337005979503465	1782	10421	309223	29357
common	chrXIX	19250001	19300000	0.0308831270269811	1782	9094	294465	44115
common	chrXIX	19300001	19350000	0.0278227851668169	1733	7899	283904	45366
white	chrXIX	19300001	19350000	0.0299376724226014	1733	9083	303397	25873
common	chrXIX	19350001	19400000	0.0261934613495223	1673	7145	272778	45092
white	chrXIX	19350001	19400000	0.0241941268697247	1673	7083	292757	25113
common	chrXIX	19400001	19450000	0.0380355657237936	1414	8778	230784	37876
white	chrXIX	19400001	19450000	0.0337690937118376	1414	8434	249755	18905
common	chrXIX	19450001	19500000	0.0275958552409064	1561	7180	260184	36406
white	chrXIX	19450001	19500000	0.0263741809087738	1561	7108	269506	27084
common	chrXIX	19500001	19550000	0.0350353420390559	1265	7311	208675	31675
white	chrXIX	19500001	19550000	0.0322725724020442	1265	7104	220125	20225
white	chrXIX	19550001	19600000	0.0348046913337913	1417	8511	244536	24694
common	chrXIX	19550001	19600000	0.0381766869066963	1417	8928	233860	35370
common	chrXIX	19600001	19650000	0.0402588900599402	1328	8671	215381	36939
white	chrXIX	19600001	19650000	0.0385032561395624	1328	8910	231409	20911
common	chrXIX	19650001	19700000	0.0249432927046509	1550	6301	252613	41887
white	chrXIX	19650001	19700000	0.0252963093352109	1550	6898	272688	21812
common	chrXIX	19700001	19750000	0.0206276729155278	1529	5132	248792	41718
white	chrXIX	19700001	19750000	0.0173946816694067	1529	4613	265196	25314
common	chrXIX	19750001	19800000	0.0243710888275674	1694	6827	280127	41733
white	chrXIX	19750001	19800000	0.0234207654690215	1694	6954	296916	24944
common	chrXIX	19800001	19850000	0.0239511213681282	1232	4857	202788	31292
white	chrXIX	19800001	19850000	0.0263340036477575	1232	5631	213830	20250
white	chrXIX	19850001	19900000	0.0214377808165657	1487	5487	255950	26580
common	chrXIX	19850001	19900000	0.0246088334323628	1487	5964	242352	40178
common	chrXIX	19900001	19950000	0.0346830065513392	1296	7364	212323	33917
white	chrXIX	19900001	19950000	0.0337248517269449	1296	7830	232173	14067
common	chrXIX	19950001	20000000	0.0352065161231498	969	5792	164515	19595
white	chrXIX	19950001	20000000	0.0337800246728429	969	5586	165364	18746
common	chrXIX	20000001	20050000	0.0273322817965161	1059	4748	173714	27496
white	chrXIX	20000001	20050000	0.0292207442511713	1059	5426	185690	15520
common	chrXIX	20050001	20100000	0.0296368659062825	927	4581	154571	21559
white	chrXIX	20050001	20100000	0.0306783536585365	927	4991	162688	13442
common	chrXIX	20100001	20150000	0.0257809107858912	1181	5047	195765	28625
white	chrXIX	20100001	20150000	0.021997706030212	1181	4507	204885	19505
white	chrXIX	20150001	20200000	0.0202714184022595	1268	4414	217745	23175
common	chrXIX	20150001	20200000	0.0238974011277854	1268	5005	209437	31483
common	chrXIX	20200001	20250000	0.0144046553267681	1361	3218	223400	35190
white	chrXIX	20200001	20250000	0.0138226126624392	1361	3224	233241	25349
common	chrXIX	20250001	20300000	0.0199636632913136	1412	4637	232272	36008
white	chrXIX	20250001	20300000	0.0182811055342755	1412	4429	242272	26008
common	chrXIX	20300001	20350000	0.0168028741407368	1358	3779	224902	33118
white	chrXIX	20300001	20350000	0.0157912305177298	1358	3690	233674	24346
common	chrXIX	20350001	20400000	0.0271504438174608	1410	6457	237823	30077
white	chrXIX	20350001	20400000	0.0252289558309863	1410	6190	245353	22547
common	chrXIX	20400001	20450000	0.0224804128150095	947	3446	153289	26641
white	chrXIX	20400001	20450000	0.0200685736207351	947	3348	166828	13102
common	chrXIX	20450001	20500000	0.0242447406028781	1089	4377	180534	26376
white	chrXIX	20450001	20500000	0.0247336830712025	1089	4776	193097	13813
common	chrXIX	20500001	20550000	0.0315073212747631	1023	5487	174150	20220
white	chrXIX	20500001	20550000	0.0293758452034147	1023	4931	167859	26511
common	chrXIX	20550001	20600000	0.059728940184857	583	6236	104405	6365
white	chrXIX	20550001	20600000	0.0600449315814555	583	5292	88134	22636
