pop	chromosome	window_pos_1	window_pos_2	avg_pi	no_sites	count_diffs	count_comparisons	count_missing
Common	chrY	1	50000	NA	0	NA	NA	NA
White	chrY	1	50000	NA	0	NA	NA	NA
Common	chrY	50001	100000	NA	0	NA	NA	NA
White	chrY	50001	100000	NA	0	NA	NA	NA
Common	chrY	100001	150000	NA	0	NA	NA	NA
White	chrY	100001	150000	NA	0	NA	NA	NA
Common	chrY	150001	200000	NA	0	NA	NA	NA
White	chrY	150001	200000	NA	0	NA	NA	NA
White	chrY	200001	250000	NA	0	NA	NA	NA
Common	chrY	200001	250000	NA	0	NA	NA	NA
Common	chrY	250001	300000	NA	0	NA	NA	NA
White	chrY	250001	300000	NA	0	NA	NA	NA
Common	chrY	300001	350000	NA	0	NA	NA	NA
White	chrY	300001	350000	NA	0	NA	NA	NA
Common	chrY	350001	400000	NA	0	NA	NA	NA
White	chrY	350001	400000	NA	0	NA	NA	NA
Common	chrY	400001	450000	0.0	71	0	2937	10553
White	chrY	400001	450000	0.0062871114215857	71	18	2863	10627
White	chrY	450001	500000	0.0124155808718193	681	364	29318	100072
Common	chrY	450001	500000	0.0094592781430296	681	282	29812	99578
Common	chrY	500001	550000	0.0137011215519854	376	226	16495	54945
White	chrY	500001	550000	0.0116544515198846	376	194	16646	54794
Common	chrY	550001	600000	0.0049885240526488	981	213	42698	143692
White	chrY	550001	600000	0.0082615778450081	981	355	42970	143420
Common	chrY	600001	650000	0.0069081787902463	563	168	24319	82651
White	chrY	600001	650000	0.0103490759753593	563	252	24350	82620
White	chrY	650001	700000	0.0082293091655266	1063	385	46784	155186
Common	chrY	650001	700000	0.0047792093381786	1063	217	45405	156565
White	chrY	700001	750000	0.0080369899984124	1142	405	50392	166588
Common	chrY	700001	750000	0.002755591054313	1142	138	50080	166900
White	chrY	750001	800000	0.0060243484081496	1089	288	47806	159104
Common	chrY	750001	800000	0.0030568234161048	1089	146	47762	159148
Common	chrY	800001	850000	0.0065393969987609	991	285	43582	144708
White	chrY	800001	850000	0.0079278044322595	991	347	43770	144520
White	chrY	850001	900000	0.0073272930697847	1037	334	45583	151447
Common	chrY	850001	900000	0.0031162975732661	1037	141	45246	151784
White	chrY	900001	950000	0.0115449915110356	468	238	20615	68305
Common	chrY	900001	950000	0.0053188845255256	468	107	20117	68803
Common	chrY	950001	1000000	0.003418293606185	1007	149	43589	147741
White	chrY	950001	1000000	0.0048623832462627	1007	215	44217	147113
White	chrY	1000001	1050000	0.0107771063469458	609	280	25981	89729
Common	chrY	1000001	1050000	0.0036022226480168	609	94	26095	89615
Common	chrY	1050001	1100000	0.0087557860688193	412	157	17931	60349
White	chrY	1050001	1100000	0.0147157190635451	412	264	17940	60340
White	chrY	1100001	1150000	0.0149922637784772	427	281	18743	62387
Common	chrY	1100001	1150000	0.0044202468869602	427	82	18551	62579
Common	chrY	1150001	1200000	0.0023977164605137	607	63	26275	89055
White	chrY	1150001	1200000	0.0052676099661642	607	137	26008	89322
Common	chrY	1200001	1250000	0.0023134870559443	1207	121	52302	177028
White	chrY	1200001	1250000	0.0042923367481256	1207	225	52419	176911
Common	chrY	1250001	1300000	0.0067392909896602	743	219	32496	108674
White	chrY	1250001	1300000	0.0098440335927646	743	320	32507	108663
Common	chrY	1300001	1350000	0.0056737588652482	440	108	19035	64565
White	chrY	1300001	1350000	0.0133458941749097	440	255	19107	64493
Common	chrY	1350001	1400000	0.0058526740665993	577	145	24775	84855
White	chrY	1350001	1400000	0.0151224289911851	577	386	25525	84105
White	chrY	1400001	1450000	0.0071416300586546	926	291	40747	135193
Common	chrY	1400001	1450000	0.0052591104165116	926	212	40311	135629
White	chrY	1450001	1500000	0.012201464175701	568	305	24997	82923
Common	chrY	1450001	1500000	0.0090663657976387	568	225	24817	83103
Common	chrY	1500001	1550000	0.0074586567667904	685	221	29630	100520
White	chrY	1500001	1550000	0.0128745239459404	685	382	29671	100479
Common	chrY	1550001	1600000	0.0016693619907141	454	32	19169	67091
White	chrY	1550001	1600000	0.0098843322818086	454	188	19020	67240
Common	chrY	1600001	1650000	0.0088371296454872	670	258	29195	98105
White	chrY	1600001	1650000	0.0081667520929437	670	239	29265	98035
Common	chrY	1650001	1700000	0.0015492070160697	871	59	38084	127406
White	chrY	1650001	1700000	0.0036604956153056	871	139	37973	127517
Common	chrY	1700001	1750000	0.0039038873920932	826	142	36374	120566
White	chrY	1700001	1750000	0.0095568591809193	826	347	36309	120631
Common	chrY	1750001	1800000	0.0044106894355732	973	187	42397	142473
White	chrY	1750001	1800000	0.0030979370555516	973	132	42609	142261
Common	chrY	1800001	1850000	0.0120910384068278	549	289	23902	80408
White	chrY	1800001	1850000	0.014891846921797	549	358	24040	80270
Common	chrY	1850001	1900000	0.0063579608564096	610	166	26109	89791
White	chrY	1850001	1900000	0.0108552755136536	610	289	26623	89277
White	chrY	1900001	1950000	0.0108757689136914	737	343	31538	108492
Common	chrY	1900001	1950000	0.0059801496602899	737	191	31939	108091
Common	chrY	1950001	2000000	0.0078925505400166	333	114	14444	48826
White	chrY	1950001	2000000	0.014789219073946	333	214	14470	48800
Common	chrY	2000001	2050000	0.0032315398287283	715	100	30945	104905
White	chrY	2000001	2050000	0.0093935714742156	715	294	31298	104552
Common	chrY	2050001	2100000	0.0062168171711212	506	137	22037	74103
White	chrY	2050001	2100000	0.0109394534738346	506	245	22396	73744
Common	chrY	2100001	2150000	0.0029654156130041	1276	163	54967	187473
White	chrY	2100001	2150000	0.0033998469178874	1276	191	56179	186261
Common	chrY	2150001	2200000	0.0031548727008865	1441	200	63394	210396
White	chrY	2150001	2200000	0.0039854444636977	1441	253	63481	210309
White	chrY	2200001	2250000	0.0102653407268227	510	224	21821	75079
Common	chrY	2200001	2250000	0.0064466684699305	510	143	22182	74718
Common	chrY	2250001	2300000	0.0043327917343665	1101	208	48006	161184
White	chrY	2250001	2300000	0.0071413955391855	1101	349	48870	160320
Common	chrY	2300001	2350000	0.0034409306898246	979	147	42721	143289
White	chrY	2300001	2350000	0.0064186656671664	979	274	42688	143322
Common	chrY	2350001	2400000	0.0064164563232761	972	272	42391	142289
White	chrY	2350001	2400000	0.0084464977367119	972	362	42858	141822
White	chrY	2400001	2450000	0.0035681516974207	1164	175	49045	172115
Common	chrY	2400001	2450000	0.0023976102507664	1164	122	50884	170276
White	chrY	2450001	2500000	0.0028970738098704	1565	199	68690	228660
Common	chrY	2450001	2500000	0.0018761448915676	1565	127	67692	229658
Common	chrY	2500001	2550000	0.0038958965352067	721	122	31315	105675
White	chrY	2500001	2550000	0.0089739943754542	721	284	31647	105343
White	chrY	2550001	2600000	0.0038793241640216	709	121	31191	103519
Common	chrY	2550001	2600000	0.0043086564825695	709	132	30636	104074
White	chrY	2600001	2650000	0.0055983382308237	913	221	39476	133994
Common	chrY	2600001	2650000	0.0022259321090706	913	88	39534	133936
Common	chrY	2650001	2700000	0.0042631597962354	641	118	27679	94111
White	chrY	2650001	2700000	0.0077136357173325	641	217	28132	93658
Common	chrY	2700001	2750000	0.0048674051695199	682	145	29790	99790
White	chrY	2700001	2750000	0.0059056439165156	682	176	29802	99778
Common	chrY	2750001	2800000	0.0083577459934516	529	194	23212	77298
White	chrY	2750001	2800000	0.0150845253576072	529	348	23070	77440
Common	chrY	2800001	2850000	0.0044483125423073	705	138	31023	102927
White	chrY	2800001	2850000	0.0120828538550057	705	378	31284	102666
Common	chrY	2850001	2900000	0.0061634018155757	486	129	20930	71410
White	chrY	2850001	2900000	0.0113463729586023	486	239	21064	71276
White	chrY	2900001	2950000	0.0114124711842217	803	401	35137	117433
Common	chrY	2900001	2950000	0.0069554848966613	803	245	35224	117346
Common	chrY	2950001	3000000	0.007910349373764	897	312	39442	130988
White	chrY	2950001	3000000	0.0088928076583952	897	353	39695	130735
Common	chrY	3000001	3050000	0.0046667410963492	1017	209	44785	148445
White	chrY	3000001	3050000	0.0090956636423585	1017	400	43977	149253
Common	chrY	3050001	3100000	0.0082586444992012	837	305	36931	122099
White	chrY	3050001	3100000	0.0083684311944283	837	304	36327	122703
Common	chrY	3100001	3150000	0.0075818873805028	774	253	33369	113691
White	chrY	3100001	3150000	0.0132001532160641	774	448	33939	113121
White	chrY	3150001	3200000	0.0072492722187339	798	254	35038	116582
Common	chrY	3150001	3200000	0.0055917986952469	798	186	33263	118357
Common	chrY	3200001	3250000	0.0061422159225135	684	182	29631	100329
White	chrY	3200001	3250000	0.0104756130423066	684	311	29688	100272
Common	chrY	3250001	3300000	0.0066920717538804	491	144	21518	71772
White	chrY	3250001	3300000	0.0104269409609694	491	222	21291	71999
Common	chrY	3300001	3350000	0.0036684964520016	950	137	37345	143155
White	chrY	3300001	3350000	0.008258132465232	950	345	41777	138723
White	chrY	3350001	3400000	0.008089219330855	771	272	33625	112865
Common	chrY	3350001	3400000	0.0057876864018898	771	196	33865	112625
Common	chrY	3400001	3450000	0.0021173979531819	199	18	8501	29309
White	chrY	3400001	3450000	0.002064610153024	199	17	8234	29576
White	chrY	3450001	3500000	0.0103946441155743	524	236	22704	76856
Common	chrY	3450001	3500000	0.0131975199291408	524	298	22580	76980
Common	chrY	3500001	3550000	0.0061200412918448	636	166	27124	93716
White	chrY	3500001	3550000	0.0124982196268337	636	351	28084	92756
Common	chrY	3550001	3600000	0.0041872706970808	581	105	25076	85314
White	chrY	3550001	3600000	0.0099908450423914	581	251	25123	85267
Common	chrY	3600001	3650000	0.0051607970564342	488	108	20927	71793
White	chrY	3600001	3650000	0.0099382977721256	488	211	21231	71489
Common	chrY	3650001	3700000	0.0077277379733879	449	151	19540	65770
White	chrY	3650001	3700000	0.0092043362650848	449	180	19556	65754
Common	chrY	3700001	3750000	0.0054956343091936	443	107	19470	64700
White	chrY	3700001	3750000	0.0095908261662757	443	184	19185	64985
Common	chrY	3750001	3800000	0.0019565510727297	680	58	29644	99556
White	chrY	3750001	3800000	0.0088333333333333	680	265	30000	99200
Common	chrY	3800001	3850000	0.0032774185859428	760	110	33563	110837
White	chrY	3800001	3850000	0.0085958163019956	760	286	33272	111128
Common	chrY	3850001	3900000	0.0032983413148964	726	104	31531	106409
White	chrY	3850001	3900000	0.0084271429469844	726	268	31802	106138
White	chrY	3900001	3950000	0.00965269234409	729	306	31701	106809
Common	chrY	3900001	3950000	0.0027338717279954	729	87	31823	106687
Common	chrY	3950001	4000000	0.0037387029350289	782	127	33969	114611
White	chrY	3950001	4000000	0.0075571955719557	782	256	33875	114705
Common	chrY	4000001	4050000	0.0046714419184054	1026	210	44954	149986
White	chrY	4000001	4050000	0.0039738987107408	1026	176	44289	150651
Common	chrY	4050001	4100000	0.004057734204793	839	149	36720	122690
White	chrY	4050001	4100000	0.0061721710882512	839	228	36940	122470
Common	chrY	4100001	4150000	0.0051935251525834	605	137	26379	88571
White	chrY	4100001	4150000	0.0093316136863667	605	246	26362	88588
White	chrY	4150001	4200000	0.0091923318667504	606	234	25456	89684
Common	chrY	4150001	4200000	0.0152401477832512	606	396	25984	89156
Common	chrY	4200001	4250000	0.0022893967015729	1071	108	47174	156316
White	chrY	4200001	4250000	0.0080469909847881	1071	374	46477	157013
Common	chrY	4250001	4300000	0.0072874493927125	140	45	6175	20425
White	chrY	4250001	4300000	0.0102521008403361	140	61	5950	20650
Common	chrY	4300001	4350000	0.0045447542751502	303	59	12982	44588
White	chrY	4300001	4350000	0.007324030529643	303	95	12971	44599
Common	chrY	4350001	4400000	0.0018876266920617	1351	111	58804	197886
White	chrY	4350001	4400000	0.0057484867953876	1351	340	59146	197544
White	chrY	4400001	4450000	0.0089044061924867	842	329	36948	123032
Common	chrY	4400001	4450000	0.004942114460463	842	181	36624	123356
Common	chrY	4450001	4500000	0.0070316693505099	1275	393	55890	186360
White	chrY	4450001	4500000	0.0058939795936537	1275	331	56159	186091
Common	chrY	4500001	4550000	0.0053299360407675	884	205	38462	129498
White	chrY	4500001	4550000	0.0101286755206449	884	392	38702	129258
Common	chrY	4550001	4600000	0.0051821751438224	1000	227	43804	146196
White	chrY	4550001	4600000	0.0061752219220378	1000	272	44047	145953
Common	chrY	4600001	4650000	0.0048606677239305	1111	236	48553	162537
White	chrY	4600001	4650000	0.0078581050740907	1111	385	48994	162096
White	chrY	4650001	4700000	0.012056283002167	749	395	32763	109547
Common	chrY	4650001	4700000	0.0061404316723465	749	200	32571	109739
Common	chrY	4700001	4750000	0.0065751623243198	558	160	24334	81686
White	chrY	4700001	4750000	0.0169141061163723	558	409	24181	81839
Common	chrY	4750001	4800000	0.0084279411035645	467	170	20171	68559
White	chrY	4750001	4800000	0.0113825109916951	467	233	20470	68260
Common	chrY	4800001	4850000	0.0049220672682526	540	114	23161	79439
White	chrY	4800001	4850000	0.0132277361193023	540	314	23738	78862
White	chrY	4850001	4900000	0.0122774449413551	540	291	23702	78898
Common	chrY	4850001	4900000	0.0075566750629722	540	177	23423	79177
White	chrY	4900001	4950000	0.0073713808040124	601	194	26318	87872
Common	chrY	4900001	4950000	0.0120220274567594	601	310	25786	88404
Common	chrY	4950001	5000000	0.0050223434966583	587	127	25287	86243
White	chrY	4950001	5000000	0.0096896896896896	587	242	24975	86555
Common	chrY	5000001	5050000	0.008649367930805	499	182	21042	73768
White	chrY	5000001	5050000	0.0113711117376186	499	242	21282	73528
Common	chrY	5050001	5100000	0.0076063334368208	444	147	19326	65034
White	chrY	5050001	5100000	0.0114162457912457	444	217	19008	65352
Common	chrY	5100001	5150000	0.0023878493697643	610	61	25546	90354
White	chrY	5100001	5150000	0.0096541239072595	610	254	26310	89590
White	chrY	5150001	5200000	0.0067218821269955	762	224	33324	111456
Common	chrY	5150001	5200000	0.0042161055230982	762	140	33206	111574
Common	chrY	5200001	5250000	0.0083279731879887	679	246	29539	99471
White	chrY	5200001	5250000	0.0074905120181103	679	225	30038	98972
Common	chrY	5250001	5300000	0.0162805259862241	184	130	7985	26975
White	chrY	5250001	5300000	0.0384129390952742	184	304	7914	27046
Common	chrY	5300001	5350000	0.0085934333198216	283	106	12335	41435
White	chrY	5300001	5350000	0.0136919711577412	283	169	12343	41427
Common	chrY	5350001	5400000	0.0101659372720641	499	223	21936	72874
White	chrY	5350001	5400000	0.0105339629495096	499	232	22024	72786
White	chrY	5400001	5450000	0.0137718396711202	660	402	29190	96210
Common	chrY	5400001	5450000	0.0110433319310054	660	315	28524	96876
Common	chrY	5450001	5500000	0.0108108108108108	692	324	29970	101510
White	chrY	5450001	5500000	0.0054812613505035	692	166	30285	101195
Common	chrY	5500001	5550000	0.0116929590242427	457	232	19841	66989
White	chrY	5500001	5550000	0.0107150111720495	457	211	19692	67138
Common	chrY	5550001	5600000	0.0044469149527515	248	48	10794	36326
White	chrY	5550001	5600000	0.0080355454717337	248	85	10578	36542
White	chrY	5600001	5650000	0.0036863028550777	953	153	41505	139565
Common	chrY	5600001	5650000	0.0005677049908673	953	23	40514	140556
White	chrY	5650001	5700000	0.0077906681344737	822	276	35427	120753
Common	chrY	5650001	5700000	0.0041078020483499	822	148	36029	120151
Common	chrY	5700001	5750000	0.0024076050534885	929	97	40289	136221
White	chrY	5700001	5750000	0.0027061602046841	929	110	40648	135862
Common	chrY	5750001	5800000	0.0041874098543711	494	90	21493	72367
White	chrY	5750001	5800000	0.0064139660493827	494	133	20736	73124
Common	chrY	5800001	5850000	0.0022657387926849	425	42	18537	62213
White	chrY	5800001	5850000	0.01252408477842	425	234	18684	62066
White	chrY	5850001	5900000	0.0084526244035446	666	248	29340	97200
Common	chrY	5850001	5900000	0.0034118998711833	666	98	28723	97817
White	chrY	5900001	5950000	0.008779810519438	585	215	24488	86662
Common	chrY	5900001	5950000	0.0056387322574372	585	145	25715	85435
Common	chrY	5950001	6000000	0.0038207200587803	463	78	20415	67555
White	chrY	5950001	6000000	0.0124703087885985	463	252	20208	67762
Common	chrY	6000001	6050000	0.0041287518674453	841	152	36815	122975
White	chrY	6000001	6050000	0.0076379296335418	841	282	36921	122869
Common	chrY	6050001	6100000	0.0074614627746802	556	182	24392	81248
White	chrY	6050001	6100000	0.0076003450967503	556	185	24341	81299
Common	chrY	6100001	6150000	0.0050426524351809	548	120	23797	80323
White	chrY	6100001	6150000	0.0133333333333333	548	322	24150	79970
Common	chrY	6150001	6200000	0.0041190970420342	706	127	30832	103308
White	chrY	6150001	6200000	0.0115484076658755	706	326	28229	105911
Common	chrY	6200001	6250000	0.0036363636363636	441	72	19800	63990
White	chrY	6200001	6250000	0.0091863517060367	441	119	12954	70836
Common	chrY	6250001	6300000	0.0038828363554114	622	103	26527	91653
White	chrY	6250001	6300000	0.0137142436943892	622	373	27198	90982
Common	chrY	6300001	6350000	0.0083647394061954	498	182	21758	72862
White	chrY	6300001	6350000	0.0198033449733504	498	431	21764	72856
White	chrY	6350001	6400000	0.009147228805455	560	220	24051	82349
Common	chrY	6350001	6400000	0.0053193649246761	560	131	24627	81773
Common	chrY	6400001	6450000	0.0084792534243138	458	169	19931	67089
White	chrY	6400001	6450000	0.0090072057646116	458	180	19984	67036
Common	chrY	6450001	6500000	0.0031183066649867	736	99	31748	108092
White	chrY	6450001	6500000	0.0098181930808065	736	317	32287	107553
Common	chrY	6500001	6550000	0.0048497666277712	638	133	27424	93796
White	chrY	6500001	6550000	0.0115922767379185	638	314	27087	94133
White	chrY	6550001	6600000	0.006857887874837	867	263	38350	126380
Common	chrY	6550001	6600000	0.004846738276133	867	185	38170	126560
White	chrY	6600001	6650000	0.0137372494746014	459	268	19509	67701
Common	chrY	6600001	6650000	0.0073631840796019	459	148	20100	67110
Common	chrY	6650001	6700000	0.0077250238694557	265	89	11521	38829
White	chrY	6650001	6700000	0.0076003415883859	265	89	11710	38640
Common	chrY	6700001	6750000	0.005006608723515	570	125	24967	83333
White	chrY	6700001	6750000	0.011589134677944	570	285	24592	83708
Common	chrY	6750001	6800000	0.0037397157816005	732	120	32088	106992
White	chrY	6750001	6800000	0.008765930991607	732	282	32170	106910
Common	chrY	6800001	6850000	0.0040575311737151	696	123	30314	101926
White	chrY	6800001	6850000	0.0077767612076852	696	238	30604	101636
White	chrY	6850001	6900000	0.0080933111164008	1043	374	46211	151959
Common	chrY	6850001	6900000	0.0028133104751857	1043	128	45498	152672
Common	chrY	6900001	6950000	0.0042278422630486	1195	220	52036	175014
White	chrY	6900001	6950000	0.0048589013166669	1195	255	52481	174569
Common	chrY	6950001	7000000	0.005133290555912	786	176	34286	115054
White	chrY	6950001	7000000	0.0079156443509755	786	271	34236	115104
Common	chrY	7000001	7050000	0.0063743205941777	802	224	35141	117239
White	chrY	7000001	7050000	0.0095494474355341	802	337	35290	117090
Common	chrY	7050001	7100000	0.0032960788028035	601	87	26395	87795
White	chrY	7050001	7100000	0.0094635985235215	601	241	25466	88724
Common	chrY	7100001	7150000	0.0040273730395206	692	123	30541	100939
White	chrY	7100001	7150000	0.0082932929638649	692	252	30386	101094
Common	chrY	7150001	7200000	0.004072537267558	899	159	39042	131768
White	chrY	7150001	7200000	0.005334153972406	899	208	38994	131816
White	chrY	7200001	7250000	0.0045725592962002	846	171	37397	123343
Common	chrY	7200001	7250000	0.0031964459854805	846	118	36916	123824
White	chrY	7250001	7300000	0.0058709677419354	392	91	15500	58980
Common	chrY	7250001	7300000	0.0005526558182376	392	9	16285	58195
White	chrY	7300001	7350000	0.0	91	0	3820	13470
Common	chrY	7300001	7350000	0.0037283621837549	91	14	3755	13535
Common	chrY	7350001	7400000	0.0041624736986552	504	91	21862	73898
White	chrY	7350001	7400000	0.0075392860386956	504	166	22018	73742
Common	chrY	7400001	7450000	0.0024215700448171	634	67	27668	92792
White	chrY	7400001	7450000	0.011777643761751	634	332	28189	92271
Common	chrY	7450001	7500000	0.00273273820368	630	75	27445	92255
White	chrY	7450001	7500000	0.0085161197981894	630	238	27947	91753
White	chrY	7500001	7550000	0.0087982539899058	666	258	29324	97216
Common	chrY	7500001	7550000	0.0028137116974916	666	82	29143	97397
Common	chrY	7550001	7600000	0.0023179660767504	639	63	27179	94231
White	chrY	7550001	7600000	0.0090471537654253	639	250	27633	93777
Common	chrY	7600001	7650000	0.0041428015347828	815	149	35966	118884
White	chrY	7600001	7650000	0.0073053758643765	815	262	35864	118986
Common	chrY	7650001	7700000	0.0044377753655577	717	139	31322	104908
White	chrY	7650001	7700000	0.008623186074198	717	268	31079	105151
Common	chrY	7700001	7750000	0.004740146047743	538	111	23417	78803
White	chrY	7700001	7750000	0.0099885238236919	538	235	23527	78693
Common	chrY	7750001	7800000	0.0031095664898481	626	85	27335	91605
White	chrY	7750001	7800000	0.0104147499355978	626	283	27173	91767
Common	chrY	7800001	7850000	0.0070649924106526	841	256	36235	123555
White	chrY	7800001	7850000	0.0108307129995431	841	403	37209	122581
Common	chrY	7850001	7900000	0.0044963503649635	390	77	17125	56975
White	chrY	7850001	7900000	0.0178310435545162	390	305	17105	56995
White	chrY	7900001	7950000	0.010314465408805	636	287	27825	93015
Common	chrY	7900001	7950000	0.0055817638373726	636	155	27769	93071
Common	chrY	7950001	8000000	0.0092185916308702	476	191	20719	69721
White	chrY	7950001	8000000	0.0115573533660791	476	240	20766	69674
Common	chrY	8000001	8050000	0.0029103037833949	700	89	30581	102419
White	chrY	8000001	8050000	0.0086186969586896	700	261	30283	102717
Common	chrY	8050001	8100000	0.0051318602993585	645	144	28060	94490
White	chrY	8050001	8100000	0.0089241796078982	645	254	28462	94088
Common	chrY	8100001	8150000	0.0068267189286297	700	209	30615	102385
White	chrY	8100001	8150000	0.0085640505998104	700	262	30593	102407
White	chrY	8150001	8200000	0.0090944881889763	581	231	25400	84990
Common	chrY	8150001	8200000	0.0046179349542153	581	117	25336	85054
Common	chrY	8200001	8250000	0.0032482719193389	885	125	38482	129668
White	chrY	8200001	8250000	0.0078381664381612	885	303	38657	129493
Common	chrY	8250001	8300000	0.0045884088053749	416	84	18307	60733
White	chrY	8250001	8300000	0.0120121752364387	416	221	18398	60642
Common	chrY	8300001	8350000	0.0020625528317836	690	61	29575	101525
White	chrY	8300001	8350000	0.007052697492008	690	214	30343	100757
Common	chrY	8350001	8400000	0.0075612097935669	199	63	8332	29478
White	chrY	8350001	8400000	0.0051751113250692	199	43	8309	29501
White	chrY	8400001	8450000	0.0089301920354303	627	246	27547	91583
Common	chrY	8400001	8450000	0.0039641755982968	627	108	27244	91886
Common	chrY	8450001	8500000	0.0030051813471502	663	87	28950	97020
White	chrY	8450001	8500000	0.0066655213880776	663	194	29105	96865
Common	chrY	8500001	8550000	0.0031803927673865	1040	143	44963	152637
White	chrY	8500001	8550000	0.0038062968911575	1040	173	45451	152149
Common	chrY	8550001	8600000	0.002959674435812	1237	160	54060	180970
White	chrY	8550001	8600000	0.0054346838249995	1237	299	55017	180013
Common	chrY	8600001	8650000	0.0035883782845236	984	155	43195	143765
White	chrY	8600001	8650000	0.0055912197142265	984	243	43461	143499
Common	chrY	8650001	8700000	0.0102239532619279	561	252	24648	81942
White	chrY	8650001	8700000	0.0093648547406975	561	225	24026	82564
Common	chrY	8700001	8750000	0.0057881535790082	724	180	31098	106462
White	chrY	8700001	8750000	0.0089372816817194	724	284	31777	105783
Common	chrY	8750001	8800000	0.0019637597072212	1022	88	44812	149368
White	chrY	8750001	8800000	0.0062719179929862	1022	279	44484	149696
Common	chrY	8800001	8850000	0.0060651379195746	550	146	24072	80428
White	chrY	8800001	8850000	0.0094055525762138	550	228	24241	80259
White	chrY	8850001	8900000	0.0042896442392875	498	92	21447	73173
Common	chrY	8850001	8900000	0.0044838860345632	498	96	21410	73210
White	chrY	8900001	8950000	0.0075268817204301	694	224	29760	102100
Common	chrY	8900001	8950000	0.0034114556681335	694	100	29313	102547
Common	chrY	8950001	9000000	0.0034947113368435	978	150	42922	142898
White	chrY	8950001	9000000	0.0058369964689774	978	243	41631	144189
Common	chrY	9000001	9050000	0.0043584379358437	289	50	11472	43438
White	chrY	9000001	9050000	0.0088724874371859	289	113	12736	42174
Common	chrY	9050001	9100000	0.0063493947305957	393	107	16852	57818
White	chrY	9050001	9100000	0.0080756806645131	393	140	17336	57334
Common	chrY	9100001	9150000	0.0049892125134843	512	111	22248	75032
White	chrY	9100001	9150000	0.0143782094217459	512	322	22395	74885
White	chrY	9150001	9200000	0.009599431144821	392	162	16876	57604
Common	chrY	9150001	9200000	0.0068600312913708	392	114	16618	57862
Common	chrY	9200001	9250000	0.0056528740920892	693	172	30427	101243
White	chrY	9200001	9250000	0.0103623544843416	693	316	30495	101175
Common	chrY	9250001	9300000	0.0061832706045011	612	161	26038	90242
White	chrY	9250001	9300000	0.0098544066980328	612	266	26993	89287
Common	chrY	9300001	9350000	0.0064935064935064	303	84	12936	44634
White	chrY	9300001	9350000	0.0145060314551839	303	190	13098	44472
Common	chrY	9350001	9400000	0.0068152703048936	456	133	19515	67125
White	chrY	9350001	9400000	0.0172992775007632	456	340	19654	66986
White	chrY	9400001	9450000	0.0107048748353096	560	260	24288	82112
Common	chrY	9400001	9450000	0.0111587982832618	560	273	24465	81935
Common	chrY	9450001	9500000	0.013427846934071	404	233	17352	59408
White	chrY	9450001	9500000	0.0197084077681092	404	342	17353	59407
Common	chrY	9500001	9550000	0.0057666893596572	579	144	24971	85039
White	chrY	9500001	9550000	0.0133937287672302	579	343	25609	84401
Common	chrY	9550001	9600000	0.0081857365351878	636	226	27609	93231
White	chrY	9550001	9600000	0.0102817703145012	636	289	28108	92732
White	chrY	9600001	9650000	0.0107017543859649	518	244	22800	75620
Common	chrY	9600001	9650000	0.0082959939665498	518	187	22541	75879
White	chrY	9650001	9700000	0.0125120928732666	719	388	31010	105600
Common	chrY	9650001	9700000	0.0076340694006309	719	242	31700	104910
Common	chrY	9700001	9750000	0.0052100197215435	800	177	33973	118027
White	chrY	9700001	9750000	0.0054379604724593	800	186	34204	117796
Common	chrY	9750001	9800000	0.0064216910453085	521	144	22424	76566
White	chrY	9750001	9800000	0.0110187861271676	521	244	22144	76846
Common	chrY	9800001	9850000	0.00989460098946	648	276	27894	95226
White	chrY	9800001	9850000	0.0112986371018995	648	320	28322	94798
White	chrY	9850001	9900000	0.0080386621369443	484	168	20899	71061
Common	chrY	9850001	9900000	0.0065927766099751	484	138	20932	71028
White	chrY	9900001	9950000	0.0099261718887986	645	281	28309	94241
Common	chrY	9900001	9950000	0.0084075703910414	645	235	27951	94599
Common	chrY	9950001	10000000	0.0142604856512141	529	323	22650	77860
White	chrY	9950001	10000000	0.0171161132159572	529	384	22435	78075
Common	chrY	10000001	10050000	0.0097673725022368	628	262	26824	92496
White	chrY	10000001	10050000	0.0122764976958525	628	333	27125	92195
Common	chrY	10050001	10100000	0.002341650671785	603	61	26050	88520
White	chrY	10050001	10100000	0.0063783697047496	603	159	24928	89642
Common	chrY	10100001	10150000	0.0025729947421411	614	69	26817	89843
White	chrY	10100001	10150000	0.0059241706161137	614	150	25320	91340
Common	chrY	10150001	10200000	0.0067813267813267	470	138	20350	68950
White	chrY	10150001	10200000	0.0058628600560795	470	115	19615	69685
Common	chrY	10200001	10250000	0.0083539603960396	372	135	16160	54520
White	chrY	10200001	10250000	0.0110294117647058	372	177	16048	54632
Common	chrY	10250001	10300000	0.0040662213186174	467	84	20658	68072
White	chrY	10250001	10300000	0.0080093867972655	467	157	19602	69128
Common	chrY	10300001	10350000	0.0044539178570292	726	140	31433	106507
White	chrY	10300001	10350000	0.0024920349515788	726	79	31701	106239
White	chrY	10350001	10400000	0.0137211634904714	571	342	24925	83565
Common	chrY	10350001	10400000	0.0129666170015704	571	322	24833	83657
Common	chrY	10400001	10450000	0.0068151348130493	616	183	26852	90188
White	chrY	10400001	10450000	0.0165583812882866	616	446	26935	90105
Common	chrY	10450001	10500000	0.0131532795510347	526	300	22808	77132
White	chrY	10450001	10500000	0.0084961023035823	526	194	22834	77106
Common	chrY	10500001	10550000	0.0050182958703606	657	144	28695	96135
White	chrY	10500001	10550000	0.0120565410199556	657	348	28864	95966
White	chrY	10550001	10600000	0.0128008859646265	699	393	30701	102109
Common	chrY	10550001	10600000	0.0093606324215261	699	283	30233	102577
Common	chrY	10600001	10650000	0.0051051232479458	762	169	33104	111676
White	chrY	10600001	10650000	0.0075473994948111	762	248	32859	111921
Common	chrY	10650001	10700000	0.0070208453966415	627	194	27632	91498
White	chrY	10650001	10700000	0.0119212227661721	627	319	26759	92371
Common	chrY	10700001	10750000	0.010101282916948	856	374	37025	125615
White	chrY	10700001	10750000	0.0131251837793044	856	491	37409	125231
White	chrY	10750001	10800000	0.0151783650512366	599	394	25958	87852
Common	chrY	10750001	10800000	0.009009009009009	599	234	25974	87836
Common	chrY	10800001	10850000	0.0052742226975989	626	143	27113	91827
White	chrY	10800001	10850000	0.0117487738818534	626	321	27322	91618
Common	chrY	10850001	10900000	0.0078620888632429	641	218	27728	94062
White	chrY	10850001	10900000	0.0095685206422018	641	267	27904	93886
Common	chrY	10900001	10950000	0.0115499592354379	509	255	22078	74632
White	chrY	10900001	10950000	0.0148128076593054	509	328	22143	74567
Common	chrY	10950001	11000000	0.0055610215168755	538	130	23377	78843
White	chrY	10950001	11000000	0.0112193056731583	538	265	23620	78600
Common	chrY	11000001	11050000	0.009876099838391	387	165	16707	56823
White	chrY	11000001	11050000	0.0123596173272327	387	208	16829	56701
White	chrY	11050001	11100000	0.0126502520356727	473	261	20632	69238
Common	chrY	11050001	11100000	0.0117158896753722	473	240	20485	69385
Common	chrY	11100001	11150000	0.0062846027233278	617	168	26732	90498
White	chrY	11100001	11150000	0.0124180372907432	617	339	27299	89931
Common	chrY	11150001	11200000	0.0076134699853587	707	234	30735	103595
White	chrY	11150001	11200000	0.0106251222214979	707	326	30682	103648
Common	chrY	11200001	11250000	0.0063954521229348	390	108	16887	57213
White	chrY	11200001	11250000	0.0070814069175396	390	121	17087	57013
Common	chrY	11250001	11300000	0.0089323692045937	701	273	30563	102627
White	chrY	11250001	11300000	0.0105433376455368	701	326	30920	102270
Common	chrY	11300001	11350000	0.0098696978098142	414	178	18035	60625
White	chrY	11300001	11350000	0.0183559915103539	414	320	17433	61227
White	chrY	11350001	11400000	0.014013950538998	361	221	15770	52820
Common	chrY	11350001	11400000	0.012464046021093	361	195	15645	52945
Common	chrY	11400001	11450000	0.0065616266353436	570	162	24689	83611
White	chrY	11400001	11450000	0.0107509563116569	570	267	24835	83465
Common	chrY	11450001	11500000	0.0076533615918992	585	195	25479	85671
White	chrY	11450001	11500000	0.0109682153477773	585	284	25893	85257
White	chrY	11500001	11550000	0.0060220003747022	859	225	37363	125847
Common	chrY	11500001	11550000	0.0037816816414107	859	141	37285	125925
Common	chrY	11550001	11600000	0.0061960001376888	669	180	29051	98059
White	chrY	11550001	11600000	0.0130925043698803	669	382	29177	97933
Common	chrY	11600001	11650000	0.0050568404547236	590	129	25510	86590
White	chrY	11600001	11650000	0.0125289128758673	590	325	25940	86160
Common	chrY	11650001	11700000	0.0046675557248999	495	98	20996	73054
White	chrY	11650001	11700000	0.008704801989669	495	182	20908	73142
White	chrY	11700001	11750000	0.0096572788932309	516	215	22263	75777
Common	chrY	11700001	11750000	0.008927393464972	516	203	22739	75301
Common	chrY	11750001	11800000	0.0188890586019041	452	371	19641	66239
White	chrY	11750001	11800000	0.0170477746018783	452	334	19592	66288
White	chrY	11800001	11850000	0.0112573682577671	521	254	22563	76427
Common	chrY	11800001	11850000	0.0073028237585199	521	165	22594	76396
Common	chrY	11850001	11900000	0.0071625755427889	308	96	13403	45117
White	chrY	11850001	11900000	0.0079756931257121	308	105	13165	45355
White	chrY	11900001	11950000	0.0064532245305799	550	155	24019	80481
Common	chrY	11900001	11950000	0.0065936800199054	550	159	24114	80386
Common	chrY	11950001	12000000	0.0059098654871106	637	163	27581	93449
White	chrY	11950001	12000000	0.0076948688542784	637	208	27031	93999
Common	chrY	12000001	12050000	0.003592140569549	530	83	23106	77594
White	chrY	12000001	12050000	0.0078346028291621	530	180	22975	77725
Common	chrY	12050001	12100000	0.0036405999708752	645	100	27468	95082
White	chrY	12050001	12100000	0.0045730618077884	645	128	27990	94560
Common	chrY	12100001	12150000	0.006384859696801	706	195	30541	103599
White	chrY	12100001	12150000	0.0133067416465049	706	407	30586	103554
Common	chrY	12150001	12200000	0.0049136855241264	882	189	38464	129116
White	chrY	12150001	12200000	0.0065944418276024	882	252	38214	129366
White	chrY	12200001	12250000	0.0071086523303887	788	239	33621	116099
Common	chrY	12200001	12250000	0.0035904022418121	788	123	34258	115462
Common	chrY	12250001	12300000	0.006856577366226	651	194	28294	95396
White	chrY	12250001	12300000	0.0122367171841485	651	348	28439	95251
White	chrY	12300001	12350000	0.0106784832195263	317	147	13766	46464
Common	chrY	12300001	12350000	0.0112501862613619	317	151	13422	46808
Common	chrY	12350001	12400000	0.0058691420871387	758	196	33395	110625
White	chrY	12350001	12400000	0.008649834008467	758	284	32833	111187
Common	chrY	12400001	12450000	0.0049648064353946	729	158	31824	106686
White	chrY	12400001	12450000	0.0090784728267628	729	292	32164	106346
Common	chrY	12450001	12500000	0.0045558086560364	841	166	36437	123353
White	chrY	12450001	12500000	0.0095189299967641	841	353	37084	122706
Common	chrY	12500001	12550000	0.0050165752339601	785	171	34087	115063
White	chrY	12500001	12550000	0.0070307485850983	785	241	34278	114872
White	chrY	12550001	12600000	0.0111772205694857	532	263	23530	77550
Common	chrY	12550001	12600000	0.0058562631873573	532	136	23223	77857
Common	chrY	12600001	12650000	0.0033516957589433	700	101	30134	102866
White	chrY	12600001	12650000	0.0030588080515721	700	93	30404	102596
Common	chrY	12650001	12700000	0.0057249583823947	562	141	24629	82151
White	chrY	12650001	12700000	0.0078241580963904	562	194	24795	81985
Common	chrY	12700001	12750000	0.0108777060522843	650	305	28039	95461
White	chrY	12700001	12750000	0.0143003064351378	650	406	28391	95109
Common	chrY	12750001	12800000	0.0093104844150586	509	207	22233	74477
White	chrY	12750001	12800000	0.0081941093458369	509	180	21967	74743
Common	chrY	12800001	12850000	0.0	4	0	180	580
White	chrY	12800001	12850000	0.1833333333333333	4	33	180	580
White	chrY	12850001	12900000	NA	0	NA	NA	NA
Common	chrY	12850001	12900000	NA	0	NA	NA	NA
Common	chrY	12900001	12950000	0.0050951530723337	534	117	22963	78497
White	chrY	12900001	12950000	0.0152441726491181	534	344	22566	78894
Common	chrY	12950001	13000000	0.0086030082041932	418	151	17552	61868
White	chrY	12950001	13000000	0.0199867855962999	418	363	18162	61258
White	chrY	13000001	13050000	0.0087118462169754	736	276	31681	108159
Common	chrY	13000001	13050000	0.0029181963663748	736	93	31869	107971
White	chrY	13050001	13100000	0.0185070355354161	477	388	20965	69665
Common	chrY	13050001	13100000	0.0108690354340303	477	223	20517	70113
Common	chrY	13100001	13150000	0.0064098687791014	382	106	16537	56043
White	chrY	13100001	13150000	0.0138320904498436	382	230	16628	55952
White	chrY	13150001	13200000	0.0139739153579984	347	210	15028	50902
Common	chrY	13150001	13200000	0.0080720480320213	347	121	14990	50940
Common	chrY	13200001	13250000	0.0055675675675675	423	103	18500	61870
White	chrY	13200001	13250000	0.0144764355798616	423	270	18651	61719
White	chrY	13250001	13300000	0.0072501788695444	478	152	20965	69855
Common	chrY	13250001	13300000	0.0027401211421978	478	57	20802	70018
White	chrY	13300001	13350000	0.0033493479752916	833	122	36425	121845
Common	chrY	13300001	13350000	0.0074981975486661	833	260	34675	123595
White	chrY	13350001	13400000	0.0068490732568402	639	194	28325	93085
Common	chrY	13350001	13400000	0.0036678299266434	639	103	28082	93328
Common	chrY	13400001	13450000	0.0095794917922194	512	213	22235	75045
White	chrY	13400001	13450000	0.0089860515021459	512	201	22368	74912
Common	chrY	13450001	13500000	0.004697286012526	529	108	22992	77518
White	chrY	13450001	13500000	0.0145362548775781	529	339	23321	77189
Common	chrY	13500001	13550000	0.0045721583652618	897	179	39150	131280
White	chrY	13500001	13550000	0.0070411755701821	897	276	39198	131232
Common	chrY	13550001	13600000	0.0023610341912729	786	81	34307	115033
White	chrY	13550001	13600000	0.0093048713738368	786	323	34713	114627
Common	chrY	13600001	13650000	0.0045809040660255	606	121	26414	88726
White	chrY	13600001	13650000	0.0086903491385882	606	228	26236	88904
Common	chrY	13650001	13700000	0.0041828613733111	624	113	27015	91545
White	chrY	13650001	13700000	0.0110384151467524	624	302	27359	91201
Common	chrY	13700001	13750000	0.0049916805324459	708	156	31252	103268
White	chrY	13700001	13750000	0.0056735625821628	708	164	28906	105614
Common	chrY	13750001	13800000	0.0056002962140146	493	121	21606	72064
White	chrY	13750001	13800000	0.0109629934633794	493	213	19429	74241
Common	chrY	13800001	13850000	0.0080655404547186	376	127	15746	55694
White	chrY	13800001	13850000	0.0225139561990061	376	367	16301	55139
White	chrY	13850001	13900000	0.013170731707317	384	216	16400	56560
Common	chrY	13850001	13900000	0.0076761619190404	384	128	16675	56285
Common	chrY	13900001	13950000	0.0102966413336602	376	168	16316	55124
White	chrY	13900001	13950000	0.0125533517449158	376	200	15932	55508
Common	chrY	13950001	14000000	0.0098739768741067	179	76	7697	26313
White	chrY	13950001	14000000	0.0277074898785425	179	219	7904	26106
Common	chrY	14000001	14050000	0.0065867952907006	440	127	19281	64319
White	chrY	14000001	14050000	0.0104423868312757	440	203	19440	64160
Common	chrY	14050001	14100000	0.0041408626186375	629	113	27289	92221
White	chrY	14050001	14100000	0.0106823390256524	629	289	27054	92456
Common	chrY	14100001	14150000	0.0045157746994568	375	74	16387	54863
White	chrY	14100001	14150000	0.0096801862516848	375	158	16322	54928
Common	chrY	14150001	14200000	0.0087838153529879	498	188	21403	73217
White	chrY	14150001	14200000	0.0121768367486028	498	268	22009	72611
White	chrY	14200001	14250000	0.0148647582998186	585	377	25362	85788
Common	chrY	14200001	14250000	0.0102515944750948	585	262	25557	85593
White	chrY	14250001	14300000	0.0114670902258551	596	296	25813	87427
Common	chrY	14250001	14300000	0.0060039256436901	596	156	25983	87257
White	chrY	14300001	14350000	0.0090528080469404	550	216	23860	80640
Common	chrY	14300001	14350000	0.0078647925033467	550	188	23904	80596
Common	chrY	14350001	14400000	0.0053691936357814	473	109	20301	69569
White	chrY	14350001	14400000	0.0152486402486402	473	314	20592	69278
Common	chrY	14400001	14450000	0.003634878497039	561	89	24485	82105
White	chrY	14400001	14450000	0.0116511851377322	561	291	24976	81614
Common	chrY	14450001	14500000	0.0089191232048374	152	59	6615	22265
White	chrY	14450001	14500000	0.0052984260557893	152	34	6417	22463
Common	chrY	14500001	14550000	0.0040487120632491	714	127	31368	104292
White	chrY	14500001	14550000	0.0094360745929693	714	295	31263	104397
White	chrY	14550001	14600000	0.0104434907010014	479	219	20970	70040
Common	chrY	14550001	14600000	0.012853100570716	479	268	20851	70159
Common	chrY	14600001	14650000	0.0042619257816067	755	140	32849	110601
White	chrY	14600001	14650000	0.0095602871101996	755	317	33158	110292
White	chrY	14650001	14700000	0.0146147442419757	245	158	10811	35739
Common	chrY	14650001	14700000	0.0016933207902163	245	18	10630	35920
Common	chrY	14700001	14750000	0.0020964360587002	100	9	4293	14707
White	chrY	14700001	14750000	0.0126839167935058	100	50	3942	15058
Common	chrY	14750001	14800000	0.0045392646391284	155	30	6609	22841
White	chrY	14750001	14800000	0.0093167701863354	155	57	6118	23332
Common	chrY	14800001	14850000	0.011309758988542	491	229	20248	73042
White	chrY	14800001	14850000	0.0073529411764705	491	158	21488	71802
White	chrY	14850001	14900000	0.0122016806722689	672	363	29750	97930
Common	chrY	14850001	14900000	0.0070306038047973	672	204	29016	98664
Common	chrY	14900001	14950000	0.0022040526128688	644	62	28130	94230
White	chrY	14900001	14950000	0.0078912139787219	644	224	28386	93974
Common	chrY	14950001	15000000	0.0087617074539255	529	203	23169	77341
White	chrY	14950001	15000000	0.0158003798998445	529	366	23164	77346
Common	chrY	15000001	15050000	0.0050838840874428	538	120	23604	78616
White	chrY	15000001	15050000	0.0149293286219081	538	338	22640	79580
Common	chrY	15050001	15100000	0.0068677619175868	508	153	22278	74242
White	chrY	15050001	15100000	0.0169856137677587	508	379	22313	74207
Common	chrY	15100001	15150000	0.0084800691368693	854	314	37028	125232
White	chrY	15100001	15150000	0.0097170087586188	854	365	37563	124697
Common	chrY	15150001	15200000	0.0098574381260268	450	186	18869	66631
White	chrY	15150001	15200000	0.0251078250154035	450	489	19476	66024
Common	chrY	15200001	15250000	0.0077264272428101	643	216	27956	94214
White	chrY	15200001	15250000	0.0157844217711258	643	444	28129	94041
Common	chrY	15250001	15300000	0.0038616356317701	698	118	30557	102063
White	chrY	15250001	15300000	0.0121123081945804	698	371	30630	101990
White	chrY	15300001	15350000	0.0117494564308412	551	281	23916	80774
Common	chrY	15300001	15350000	0.0067231075697211	551	162	24096	80594
Common	chrY	15350001	15400000	0.0068986729941119	532	157	22758	78322
White	chrY	15350001	15400000	0.0128954607977991	532	300	23264	77816
Common	chrY	15400001	15450000	0.0078406525957312	586	198	25253	86087
White	chrY	15400001	15450000	0.0152987550247824	586	392	25623	85717
Common	chrY	15450001	15500000	0.0101223112610712	485	216	21339	70811
White	chrY	15450001	15500000	0.0118685909608811	485	250	21064	71086
White	chrY	15500001	15550000	0.0085351089588377	756	282	33040	110600
Common	chrY	15500001	15550000	0.0059543599818648	756	197	33085	110555
White	chrY	15550001	15600000	0.012354457381566	515	278	22502	75348
Common	chrY	15550001	15600000	0.003920345703212	515	88	22447	75403
Common	chrY	15600001	15650000	0.0067796610169491	462	136	20060	67720
White	chrY	15600001	15650000	0.013241760956569	462	268	20239	67541
Common	chrY	15650001	15700000	0.0053531668956369	487	113	21109	71421
White	chrY	15650001	15700000	0.0071355759429153	487	154	21582	70948
Common	chrY	15700001	15750000	0.0087098530212302	424	160	18370	62190
White	chrY	15700001	15750000	0.0115909213434686	424	215	18549	62011
Common	chrY	15750001	15800000	0.0065866771104069	643	185	28087	94083
White	chrY	15750001	15800000	0.0086121699844698	643	244	28332	93838
Common	chrY	15800001	15850000	0.0036760482481332	607	96	26115	89215
White	chrY	15800001	15850000	0.00620859360212	607	164	26415	88915
Common	chrY	15850001	15900000	0.0077465602959879	196	67	8649	28591
White	chrY	15850001	15900000	0.0080831408775981	196	70	8660	28580
